#Type: filter
#Name: HC 520/35 AHF F37-520
wavelength,transmission
270,2,9833E-06
270,2,3,1675E-06
270,4,3,3631E-06
270,6,3,5708E-06
270,8,3,7912E-06
271,4,0253E-06
271,2,4,2739E-06
271,4,4,5377E-06
271,6,4,8179E-06
271,8,5,1154E-06
272,5,4313E-06
272,2,5,7666E-06
272,4,6,1227E-06
272,6,6,5007E-06
272,8,6,5004E-06
273,6,2557E-06
273,2,6,0202E-06
273,4,5,7935E-06
273.6,5.5754E-06
273.8,5.3655E-06
274,5.1635E-06
274.2,4.9691E-06
274.4,0.000004782
274.6,0.000004602
274.8,4.4287E-06
275,0.000004262
275.2,4.6047E-06
275.4,0.000004975
275.6,5.3751E-06
275.8,5.8074E-06
276,6.2744E-06
276.2,0.000006779
276.4,7.3242E-06
276.6,7.9132E-06
276.8,8.5495E-06
277,9.2371E-06
277.2,0.00000998
277.4,0.000010783
277.6,0.00001165
277.8,0.000010889
278,9.5516E-06
278.2,8.3783E-06
278.4,7.3491E-06
278.6,6.4463E-06
278.8,5.6544E-06
279,4.9598E-06
279.2,4.3505E-06
279.4,3.8161E-06
279.6,3.3473E-06
279.8,2.9361E-06
280,2.5755E-06
280.2,2.2591E-06
280.4,1.9816E-06
280.6,1.7382E-06
280.8,1.5246E-06
281,1.3373E-06
281.2,1.1731E-06
281.4,0.000001029
281.6,9.0256E-07
281.8,8.6817E-07
282,8.5336E-07
282.2,8.3879E-07
282.4,8.2447E-07
282.6,8.104E-07
282.8,7.9657E-07
283,7.8297E-07
283.2,7.6961E-07
283.4,7.5647E-07
283.6,7.4356E-07
283.8,7.3087E-07
284,7.184E-07
284.2,7.0613E-07
284.4,6.9408E-07
284.6,6.8224E-07
284.8,6.7059E-07
285,6.5915E-07
285.2,6.4789E-07
285.4,6.3684E-07
285.6,6.2597E-07
285.8,6.1535E-07
286,6.0492E-07
286.2,5.9467E-07
286.4,5.8459E-07
286.6,5.7468E-07
286.8,5.6494E-07
287,5.5537E-07
287.2,5.4595E-07
287.4,5.367E-07
287.6,5.276E-07
287.8,5.1866E-07
288,5.0987E-07
288.2,5.0123E-07
288.4,4.9273E-07
288.6,4.8438E-07
288.8,4.7617E-07
289,4.681E-07
289.2,4.6016E-07
289.4,4.5237E-07
289.6,4.462E-07
289.8,4.6204E-07
290,4.7845E-07
290.2,4.9543E-07
290.4,5.1302E-07
290.6,5.3124E-07
290.8,5.501E-07
291,5.6963E-07
291.2,5.8985E-07
291.4,6.1079E-07
291.6,6.3248E-07
291.8,6.5493E-07
292,6.7818E-07
292.2,7.0226E-07
292.4,7.2719E-07
292.6,7.5301E-07
292.8,7.7974E-07
293,8.0742E-07
293.2,8.3609E-07
293.4,8.6577E-07
293.6,8.6997E-07
293.8,7.7801E-07
294,6.9576E-07
294.2,6.2222E-07
294.4,5.5644E-07
294.6,4.9762E-07
294.8,4.4502E-07
295,3.9798E-07
295.2,2.513E-07
295.4,1.5868E-07
295.6,1.2101E-07
295.8,1.2639E-07
296,1.3201E-07
296.2,1.3788E-07
296.4,0.000000144
296.6,1.5041E-07
296.8,1.5709E-07
297,1.6407E-07
297.2,1.7137E-07
297.4,1.7899E-07
297.6,1.8694E-07
297.8,1.9525E-07
298,2.0393E-07
298.2,0.000000213
298.4,2.2246E-07
298.6,2.3235E-07
298.8,2.4268E-07
299,2.5347E-07
299.2,2.6474E-07
299.4,2.7651E-07
299.6,2.8734E-07
299.8,2.8376E-07
300,2.8022E-07
300.2,2.7673E-07
300.4,2.7328E-07
300.6,2.6987E-07
300.8,2.6651E-07
301,2.6318E-07
301.2,2.599E-07
301.4,2.5666E-07
301.6,2.5346E-07
301.8,2.503E-07
302,2.4718E-07
302.2,2.441E-07
302.4,2.4106E-07
302.6,2.3805E-07
302.8,2.3508E-07
303,2.3215E-07
303.2,2.2926E-07
303.4,2.264E-07
303.6,2.2358E-07
303.8,2.5643E-07
304,3.0461E-07
304.2,3.6185E-07
304.4,4.2985E-07
304.6,5.1062E-07
304.8,6.0657E-07
305,7.2055E-07
305.2,6.7058E-07
305.4,6.2408E-07
305.6,5.808E-07
305.8,5.4052E-07
306,5.0304E-07
306.2,4.6815E-07
306.4,4.3569E-07
306.6,4.0547E-07
306.8,3.7548E-07
307,3.4339E-07
307.2,3.1404E-07
307.4,2.872E-07
307.6,2.6265E-07
307.8,2.4021E-07
308,2.1968E-07
308.2,2.009E-07
308.4,1.8373E-07
308.6,1.6803E-07
308.8,1.5367E-07
309,1.4054E-07
309.2,1.2852E-07
309.4,1.1754E-07
309.6,1.0749E-07
309.8,9.8307E-08
310,8.9905E-08
310.2,8.2221E-08
310.4,7.5194E-08
310.6,6.8768E-08
310.8,6.289E-08
311,6.2228E-08
311.2,6.1883E-08
311.4,6.154E-08
311.6,6.1199E-08
311.8,6.086E-08
312,6.0523E-08
312.2,6.0187E-08
312.4,5.9853E-08
312.6,5.9522E-08
312.8,5.9192E-08
313,5.8864E-08
313.2,5.8537E-08
313.4,5.8213E-08
313.6,5.789E-08
313.8,5.7569E-08
314,5.725E-08
314.2,5.6933E-08
314.4,5.6617E-08
314.6,5.6304E-08
314.8,5.5992E-08
315,5.5706E-08
315.2,5.5439E-08
315.4,5.5173E-08
315.6,5.4908E-08
315.8,5.4644E-08
316,5.4382E-08
316.2,5.4121E-08
316.4,5.3861E-08
316.6,5.3603E-08
316.8,5.3345E-08
317,5.3089E-08
317.2,5.2835E-08
317.4,5.2581E-08
317.6,5.2329E-08
317.8,5.2077E-08
318,5.1827E-08
318.2,5.1579E-08
318.4,5.1331E-08
318.6,5.1085E-08
318.8,5.084E-08
319,5.0636E-08
319.2,5.0538E-08
319.4,5.044E-08
319.6,5.0343E-08
319.8,5.0245E-08
320,5.0148E-08
320.2,5.0052E-08
320.4,4.9955E-08
320.6,4.9858E-08
320.8,4.9762E-08
321,4.9666E-08
321.2,4.957E-08
321.4,4.9474E-08
321.6,4.9379E-08
321.8,4.9283E-08
322,4.9188E-08
322.2,4.9093E-08
322.4,4.8998E-08
322.6,4.8904E-08
322.8,4.8809E-08
323,4.8715E-08
323.2,4.8167E-08
323.4,4.7605E-08
323.6,4.705E-08
323.8,4.65E-08
324,4.5958E-08
324.2,4.5421E-08
324.4,4.4891E-08
324.6,4.4367E-08
324.8,4.3849E-08
325,4.3337E-08
325.2,4.2832E-08
325.4,4.2332E-08
325.6,4.1837E-08
325.8,4.1349E-08
326,4.0866E-08
326.2,4.0389E-08
326.4,3.9918E-08
326.6,3.9452E-08
326.8,3.8992E-08
327,3.8536E-08
327.2,4.1071E-08
327.4,4.5627E-08
327.6,5.0689E-08
327.8,5.6313E-08
328,6.256E-08
328.2,6.9501E-08
328.4,7.7211E-08
328.6,8.5777E-08
328.8,9.5294E-08
329,1.0587E-07
329.2,1.1761E-07
329.4,1.3066E-07
329.6,1.4515E-07
329.8,1.6126E-07
330,1.7915E-07
330.2,1.9902E-07
330.4,2.211E-07
330.6,2.4563E-07
330.8,2.7288E-07
331,3.0316E-07
331.2,3.1081E-07
331.4,2.7359E-07
331.6,2.4084E-07
331.8,0.000000212
332,1.8662E-07
332.2,1.6428E-07
332.4,1.4461E-07
332.6,1.273E-07
332.8,1.1205E-07
333,9.8638E-08
333.2,8.6829E-08
333.4,7.6433E-08
333.6,6.7282E-08
333.8,5.9226E-08
334,5.2135E-08
334.2,4.5893E-08
334.4,4.0399E-08
334.6,3.5562E-08
334.8,3.1304E-08
335,2.7556E-08
335.2,2.446E-08
335.4,2.5056E-08
335.6,2.5666E-08
335.8,2.6291E-08
336,2.6932E-08
336.2,2.7588E-08
336.4,2.826E-08
336.6,2.8948E-08
336.8,2.9653E-08
337,3.0375E-08
337.2,3.1115E-08
337.4,3.1873E-08
337.6,3.265E-08
337.8,3.3445E-08
338,3.426E-08
338.2,3.5094E-08
338.4,3.5949E-08
338.6,3.6825E-08
338.8,3.7722E-08
339,3.864E-08
339.2,3.9582E-08
339.4,3.9531E-08
339.6,3.919E-08
339.8,3.8852E-08
340,3.8518E-08
340.2,3.8186E-08
340.4,3.7857E-08
340.6,3.7531E-08
340.8,3.7207E-08
341,3.6887E-08
341.2,3.6569E-08
341.4,3.6254E-08
341.6,3.5942E-08
341.8,3.5632E-08
342,3.5325E-08
342.2,3.5021E-08
342.4,3.4719E-08
342.6,3.442E-08
342.8,3.4123E-08
343,3.3829E-08
343.2,3.3538E-08
343.4,3.2763E-08
343.6,3.1539E-08
343.8,3.036E-08
344,2.9226E-08
344.2,2.8133E-08
344.4,2.7082E-08
344.6,2.607E-08
344.8,2.5096E-08
345,2.4158E-08
345.2,2.3255E-08
345.4,2.2386E-08
345.6,2.1549E-08
345.8,2.0744E-08
346,1.9969E-08
346.2,1.9222E-08
346.4,1.8504E-08
346.6,1.7813E-08
346.8,1.7147E-08
347,1.6506E-08
347.2,1.5889E-08
347.4,1.5438E-08
347.6,1.5445E-08
347.8,1.5452E-08
348,1.546E-08
348.2,1.5467E-08
348.4,1.5474E-08
348.6,1.5482E-08
348.8,1.5489E-08
349,1.5496E-08
349.2,1.5504E-08
349.4,1.5511E-08
349.6,1.5518E-08
349.8,1.5526E-08
350,1.5533E-08
350.2,1.5541E-08
350.4,1.5548E-08
350.6,1.5555E-08
350.8,1.5563E-08
351,1.557E-08
351.2,1.5578E-08
351.4,1.5585E-08
351.6,1.8021E-08
351.8,2.0883E-08
352,2.42E-08
352.2,2.8044E-08
352.4,3.2499E-08
352.6,3.7661E-08
352.8,4.3644E-08
353,5.0576E-08
353.2,5.861E-08
353.4,6.792E-08
353.6,7.8709E-08
353.8,9.1211E-08
354,1.057E-07
354.2,1.2249E-07
354.4,1.4195E-07
354.6,1.6449E-07
354.8,1.9062E-07
355,2.209E-07
355.2,2.5599E-07
355.4,2.9665E-07
355.6,2.9656E-07
355.8,2.8148E-07
356,2.6716E-07
356.2,2.5358E-07
356.4,2.4068E-07
356.6,2.2844E-07
356.8,2.1682E-07
357,2.0579E-07
357.2,1.9533E-07
357.4,1.8539E-07
357.6,1.7596E-07
357.8,1.6701E-07
358,1.5852E-07
358.2,1.5046E-07
358.4,1.428E-07
358.6,1.3554E-07
358.8,1.2865E-07
359,1.221E-07
359.2,1.1589E-07
359.4,0.00000011
359.6,1.4085E-07
359.8,2.4187E-07
360,4.1533E-07
360.2,4.3443E-07
360.4,4.5441E-07
360.6,4.7531E-07
360.8,4.9717E-07
361,5.2004E-07
361.2,5.4395E-07
361.4,5.6897E-07
361.6,5.9514E-07
361.8,6.2251E-07
362,6.5114E-07
362.2,6.8109E-07
362.4,7.1241E-07
362.6,7.4518E-07
362.8,7.7945E-07
363,7.8977E-07
363.2,7.9369E-07
363.4,7.9763E-07
363.6,8.0159E-07
363.8,8.0558E-07
364,8.0958E-07
364.2,8.136E-07
364.4,8.1764E-07
364.6,8.217E-07
364.8,8.2578E-07
365,8.2988E-07
365.2,0.000000834
365.4,8.3814E-07
365.6,8.4231E-07
365.8,8.4649E-07
366,8.5069E-07
366.2,8.5492E-07
366.4,8.5917E-07
366.6,8.6343E-07
366.8,8.6772E-07
367,8.6905E-07
367.2,8.6774E-07
367.4,8.6643E-07
367.6,8.6512E-07
367.8,8.6382E-07
368,8.6251E-07
368.2,8.6121E-07
368.4,8.5991E-07
368.6,8.5862E-07
368.8,8.5732E-07
369,8.5603E-07
369.2,8.5474E-07
369.4,8.5345E-07
369.6,8.5216E-07
369.8,8.5087E-07
370,8.4959E-07
370.2,8.9041E-07
370.4,9.3319E-07
370.6,9.7803E-07
370.8,0.000001025
371,1.0743E-06
371.2,1.1259E-06
371.4,0.00000118
371.6,1.2367E-06
371.8,1.2961E-06
372,1.3583E-06
372.2,1.4236E-06
372.4,0.000001492
372.6,1.5637E-06
372.8,1.6388E-06
373,1.6618E-06
373.2,1.6717E-06
373.4,1.6817E-06
373.6,1.6917E-06
373.8,1.7017E-06
374,1.7119E-06
374.2,1.7221E-06
374.4,1.7323E-06
374.6,1.7426E-06
374.8,0.000001753
375,1.7634E-06
375.2,1.7739E-06
375.4,1.7845E-06
375.6,1.7951E-06
375.8,1.8058E-06
376,1.8166E-06
376.2,1.8274E-06
376.4,1.8382E-06
376.6,1.8492E-06
376.8,1.8602E-06
377,1.8079E-06
377.2,1.7082E-06
377.4,0.000001614
377.6,1.5251E-06
377.8,0.000001441
378,1.3615E-06
378.2,1.2865E-06
378.4,1.2156E-06
378.6,1.1485E-06
378.8,1.0852E-06
379,1.0254E-06
379.2,9.6886E-07
379.4,9.1545E-07
379.6,8.6498E-07
379.8,8.1729E-07
380,7.7224E-07
380.2,7.7566E-07
380.4,7.7909E-07
380.6,7.8254E-07
380.8,7.8601E-07
381,7.8949E-07
381.2,7.9298E-07
381.4,7.965E-07
381.6,8.0002E-07
381.8,8.0357E-07
382,8.0713E-07
382.2,8.107E-07
382.4,8.1429E-07
382.6,8.179E-07
382.8,8.2152E-07
383,8.2855E-07
383.2,8.3653E-07
383.4,8.4459E-07
383.6,8.5272E-07
383.8,8.6093E-07
384,8.6923E-07
384.2,8.776E-07
384.4,8.8605E-07
384.6,8.9458E-07
384.8,9.032E-07
385,9.119E-07
385.2,9.2068E-07
385.4,9.2954E-07
385.6,9.385E-07
385.8,9.4753E-07
386,9.5666E-07
386.2,9.6587E-07
386.4,9.7518E-07
386.6,9.8457E-07
386.8,9.9405E-07
387,1.0068E-06
387.2,1.0224E-06
387.4,1.0382E-06
387.6,1.0543E-06
387.8,1.0706E-06
388,1.0872E-06
388.2,0.000001104
388.4,1.1211E-06
388.6,1.1385E-06
388.8,1.1561E-06
389,0.000001174
389.2,1.1922E-06
389.4,1.2106E-06
389.6,1.2294E-06
389.8,1.2484E-06
390,1.2678E-06
390.2,1.3122E-06
390.4,1.3583E-06
390.6,1.4059E-06
390.8,1.4552E-06
391,1.5063E-06
391.2,1.5591E-06
391.4,1.6138E-06
391.6,1.6704E-06
391.8,0.000001729
392,1.7897E-06
392.2,1.8524E-06
392.4,1.9174E-06
392.6,1.9847E-06
392.8,2.0543E-06
393,2.0803E-06
393.2,2.0939E-06
393.4,2.1077E-06
393.6,2.1215E-06
393.8,2.1354E-06
394,2.1495E-06
394.2,2.1636E-06
394.4,2.1778E-06
394.6,2.1921E-06
394.8,2.2065E-06
395,0.000002221
395.2,2.2355E-06
395.4,2.2502E-06
395.6,0.000002265
395.8,2.2799E-06
396,2.2948E-06
396.2,2.3099E-06
396.4,2.3251E-06
396.6,2.3403E-06
396.8,2.3557E-06
397,2.3237E-06
397.2,2.2537E-06
397.4,2.1858E-06
397.6,2.1199E-06
397.8,0.000002056
398,1.9941E-06
398.2,0.000001934
398.4,1.8757E-06
398.6,1.8192E-06
398.8,1.7644E-06
399,1.7112E-06
399.2,1.6597E-06
399.4,1.6097E-06
399.6,1.5612E-06
399.8,1.5141E-06
400,1.4685E-06
400.2,0.000001501
400.4,1.5342E-06
400.6,1.5681E-06
400.8,1.6028E-06
401,1.6382E-06
401.2,1.6745E-06
401.4,1.7115E-06
401.6,1.7493E-06
401.8,0.000001788
402,1.8276E-06
402.2,0.000001868
402.4,1.9093E-06
402.6,1.9515E-06
402.8,1.9947E-06
403,2.0525E-06
403.2,2.1166E-06
403.4,2.1826E-06
403.6,2.2508E-06
403.8,2.3211E-06
404,2.3935E-06
404.2,2.4683E-06
404.4,2.5453E-06
404.6,2.6248E-06
404.8,2.7067E-06
405,2.7913E-06
405.2,2.8784E-06
405.4,2.9683E-06
405.6,3.0609E-06
405.8,3.1565E-06
406,3.2551E-06
406.2,3.3567E-06
406.4,3.4615E-06
406.6,3.5696E-06
406.8,0.000003681
407,3.7073E-06
407.2,3.6548E-06
407.4,3.6031E-06
407.6,3.5521E-06
407.8,3.5018E-06
408,3.4522E-06
408.2,3.4033E-06
408.4,3.3552E-06
408.6,3.3077E-06
408.8,3.2608E-06
409,3.2147E-06
409.2,3.1692E-06
409.4,3.1243E-06
409.6,3.0801E-06
409.8,3.0365E-06
410,2.9935E-06
410.2,2.9821E-06
410.4,2.9708E-06
410.6,2.9595E-06
410.8,2.9483E-06
411,2.9371E-06
411.2,2.9259E-06
411.4,2.9148E-06
411.6,2.9038E-06
411.8,2.8928E-06
412,2.8818E-06
412.2,2.8708E-06
412.4,2.8599E-06
412.6,2.8491E-06
412.8,2.8383E-06
413,2.9123E-06
413.2,3.0111E-06
413.4,3.1132E-06
413.6,3.2188E-06
413.8,0.000003328
414,3.4409E-06
414.2,3.5576E-06
414.4,3.6783E-06
414.6,3.8031E-06
414.8,3.9321E-06
415,4.0655E-06
415.2,4.2034E-06
415.4,0.000004346
415.6,4.4934E-06
415.8,4.6458E-06
416,4.8034E-06
416.2,4.9664E-06
416.4,5.1348E-06
416.6,0.000005309
416.8,5.4891E-06
417,5.5286E-06
417.2,5.4615E-06
417.4,5.3953E-06
417.6,5.3299E-06
417.8,5.2653E-06
418,5.2015E-06
418.2,5.1384E-06
418.4,5.0761E-06
418.6,5.0146E-06
418.8,4.9538E-06
419,4.8937E-06
419.2,4.8344E-06
419.4,4.7758E-06
419.6,4.7179E-06
419.8,4.6607E-06
420,4.6042E-06
420.2,4.5546E-06
420.4,4.5056E-06
420.6,4.4571E-06
420.8,4.4092E-06
421,4.3617E-06
421.2,4.3148E-06
421.4,4.2684E-06
421.6,4.2225E-06
421.8,0.000004177
422,4.1321E-06
422.2,4.0876E-06
422.4,4.0437E-06
422.6,4.0002E-06
422.8,3.9571E-06
423,3.9145E-06
423.2,3.8724E-06
423.4,3.8308E-06
423.6,3.7896E-06
423.8,3.7488E-06
424,0.000003762
424.2,3.8666E-06
424.4,3.9741E-06
424.6,4.0846E-06
424.8,4.1982E-06
425,0.000004315
425.2,4.4349E-06
425.4,4.5582E-06
425.6,0.000004685
425.8,4.8153E-06
426,4.9492E-06
426.2,5.0868E-06
426.4,5.2282E-06
426.6,5.3736E-06
426.8,0.000005523
427,5.6766E-06
427.2,5.8344E-06
427.4,5.9902E-06
427.6,0.000006113
427.8,6.2383E-06
428,6.3662E-06
428.2,6.4967E-06
428.4,6.6299E-06
428.6,6.7658E-06
428.8,6.9045E-06
429,7.0461E-06
429.2,7.1905E-06
429.4,7.3379E-06
429.6,7.4883E-06
429.8,7.6418E-06
430,7.7985E-06
430.2,7.9583E-06
430.4,8.1215E-06
430.6,0.000008288
430.8,8.4579E-06
431,8.2536E-06
431.2,0.000007158
431.4,6.2078E-06
431.6,5.3838E-06
431.8,4.6692E-06
432,4.0494E-06
432.2,3.5119E-06
432.4,3.0457E-06
432.6,2.6414E-06
432.8,2.2908E-06
433,1.9867E-06
433.2,0.000001723
433.4,1.4943E-06
433.6,1.2959E-06
433.8,1.1239E-06
434,9.7472E-07
434.2,8.4534E-07
434.4,7.3313E-07
434.6,6.3581E-07
434.8,5.5141E-07
435,4.7822E-07
435.2,4.8093E-07
435.4,4.8366E-07
435.6,4.8641E-07
435.8,4.8917E-07
436,4.9195E-07
436.2,4.9474E-07
436.4,4.9755E-07
436.6,5.0038E-07
436.8,5.0322E-07
437,5.0607E-07
437.2,5.0895E-07
437.4,5.1184E-07
437.6,5.1474E-07
437.8,5.1767E-07
438,5.206E-07
438.2,5.2356E-07
438.4,5.2653E-07
438.6,5.2952E-07
438.8,5.3253E-07
439,5.3555E-07
439.2,5.429E-07
439.4,5.5048E-07
439.6,5.5816E-07
439.8,5.6595E-07
440,5.7386E-07
440.2,5.8187E-07
440.4,5.8999E-07
440.6,5.9823E-07
440.8,6.0658E-07
441,6.1505E-07
441.2,6.2364E-07
441.4,6.3234E-07
441.6,6.4117E-07
441.8,6.5012E-07
442,6.592E-07
442.2,6.684E-07
442.4,6.7774E-07
442.6,6.8634E-07
442.8,6.9323E-07
443,7.0019E-07
443.2,7.0723E-07
443.4,7.1433E-07
443.6,7.2151E-07
443.8,7.2875E-07
444,7.3607E-07
444.2,7.4347E-07
444.4,7.5093E-07
444.6,7.5848E-07
444.8,7.661E-07
445,7.7379E-07
445.2,7.8156E-07
445.4,7.8941E-07
445.6,7.9734E-07
445.8,8.0535E-07
446,8.1344E-07
446.2,7.5867E-07
446.4,6.9809E-07
446.6,6.4234E-07
446.8,5.9105E-07
447,5.4385E-07
447.2,5.0042E-07
447.4,4.6046E-07
447.6,4.2369E-07
447.8,3.8985E-07
448,3.5872E-07
448.2,3.3008E-07
448.4,3.0372E-07
448.6,2.7946E-07
448.8,2.5715E-07
449,2.3661E-07
449.2,2.1772E-07
449.4,2.0033E-07
449.6,1.8433E-07
449.8,1.6961E-07
450,1.5607E-07
450.2,4.6818E-08
450.4,1.9733E-07
450.6,1.0576E-07
450.8,4.4359E-08
451,4.4204E-08
451.2,4.4076E-08
451.4,5.5297E-08
451.6,1.4732E-07
451.8,2.0341E-07
452,1.4349E-07
452.2,8.7154E-08
452.4,8.848E-08
452.6,1.216E-07
452.8,9.0563E-08
453,1.3472E-07
453.2,8.2198E-08
453.4,4.29E-08
453.6,4.6401E-08
453.8,7.9942E-08
454,5.2199E-08
454.2,8.4176E-08
454.4,1.3202E-07
454.6,1.4253E-07
454.8,1.9341E-07
455,3.3345E-07
455.2,3.3497E-07
455.4,1.0137E-07
455.6,7.656E-08
455.8,2.1007E-07
456,1.9648E-07
456.2,8.8851E-08
456.4,1.535E-07
456.6,2.4148E-07
456.8,1.9094E-07
457,1.2507E-07
457.2,9.8177E-08
457.4,5.2211E-08
457.6,1.5632E-07
457.8,5.6228E-08
458,5.9295E-08
458.2,6.3209E-08
458.4,4.4249E-08
458.6,6.9081E-08
458.8,4.1355E-08
459,7.1251E-08
459.2,1.751E-07
459.4,2.596E-07
459.6,2.3679E-07
459.8,2.3361E-07
460,7.9009E-08
460.2,7.8434E-08
460.4,1.3117E-07
460.6,1.0773E-07
460.8,7.7809E-08
461,8.4416E-08
461.2,1.4566E-07
461.4,1.0606E-07
461.6,8.1381E-08
461.8,9.8757E-08
462,7.3989E-08
462.2,6.0997E-08
462.4,4.0774E-07
462.6,2.2576E-07
462.8,1.1992E-07
463,1.4911E-07
463.2,1.8906E-07
463.4,1.6146E-07
463.6,1.2512E-07
463.8,2.9832E-07
464,2.5496E-07
464.2,1.8245E-07
464.4,1.3152E-07
464.6,7.3597E-08
464.8,3.696E-08
465,3.6832E-08
465.2,3.6725E-08
465.4,1.2202E-07
465.6,1.8969E-07
465.8,9.988E-08
466,1.7272E-07
466.2,2.8321E-07
466.4,1.6272E-07
466.6,1.8537E-07
466.8,1.0232E-07
467,5.5402E-08
467.2,2.3043E-07
467.4,2.8579E-07
467.6,1.4952E-07
467.8,5.1398E-08
468,5.0558E-08
468.2,1.1621E-07
468.4,3.2653E-07
468.6,1.9994E-07
468.8,1.7328E-07
469,1.1522E-07
469.2,1.0373E-07
469.4,1.0333E-07
469.6,8.4257E-08
469.8,3.5108E-08
470,6.7072E-08
470.2,1.2747E-07
470.4,1.5971E-07
470.6,1.0831E-07
470.8,8.2553E-08
471,1.3739E-07
471.2,1.6354E-07
471.4,1.7178E-07
471.6,1.9508E-07
471.8,1.7854E-07
472,1.6637E-07
472.2,1.1585E-07
472.4,3.3696E-08
472.6,1.0054E-07
472.8,1.2281E-07
473,1.2752E-07
473.2,1.1071E-07
473.4,1.1749E-07
473.6,1.3997E-07
473.8,6.7336E-08
474,1.4509E-07
474.2,1.9773E-07
474.4,1.537E-07
474.6,1.1146E-07
474.8,1.2683E-07
475,2.5403E-07
475.2,4.4229E-08
475.4,1.0877E-07
475.6,2.1914E-07
475.8,2.187E-07
476,1.5488E-07
476.2,8.593E-08
476.4,6.1958E-08
476.6,1.4502E-07
476.8,9.7629E-08
477,1.1406E-07
477.2,1.9087E-07
477.4,1.552E-07
477.6,2.4503E-07
477.8,1.0194E-07
478,4.2436E-08
478.2,5.0352E-08
478.4,9.8632E-08
478.6,1.5323E-07
478.8,1.8604E-07
479,5.7517E-08
479.2,3.3047E-08
479.4,4.482E-08
479.6,1.1749E-07
479.8,2.7765E-07
480,1.253E-07
480.2,3.8871E-08
480.4,1.6022E-07
480.6,1.2609E-07
480.8,1.2842E-07
481,1.5053E-07
481.2,1.504E-07
481.4,8.3655E-08
481.6,1.151E-07
481.8,1.5788E-07
482,1.478E-07
482.2,6.7505E-08
482.4,4.6295E-08
482.6,2.4394E-07
482.8,1.7963E-07
483,1.3668E-07
483.2,1.7653E-07
483.4,1.8885E-07
483.6,1.977E-07
483.8,2.0941E-07
484,1.8746E-07
484.2,1.7372E-07
484.4,3.4493E-07
484.6,5.549E-08
484.8,7.108E-08
485,1.5411E-07
485.2,1.0105E-07
485.4,8.0138E-08
485.6,1.2634E-07
485.8,1.5204E-07
486,1.6999E-07
486.2,1.8937E-07
486.4,1.2485E-07
486.6,2.6074E-08
486.8,6.2097E-08
487,1.0588E-07
487.2,1.2376E-07
487.4,1.9139E-07
487.6,2.9594E-07
487.8,3.1567E-07
488,1.8131E-07
488.2,1.1457E-07
488.4,9.922E-08
488.6,1.9944E-07
488.8,2.3436E-07
489,1.8568E-07
489.2,2.3218E-07
489.4,1.5419E-07
489.6,1.9909E-07
489.8,2.4153E-07
490,1.0718E-07
490.2,3.569E-08
490.4,3.4206E-08
490.6,1.5938E-07
490.8,1.6239E-07
491,1.4792E-07
491.2,1.6254E-07
491.4,2.024E-07
491.6,1.9811E-07
491.8,1.8688E-07
492,2.2205E-07
492.2,2.253E-07
492.4,2.558E-07
492.6,2.8292E-07
492.8,2.6799E-07
493,2.9115E-07
493.2,3.6584E-07
493.4,2.1981E-07
493.6,3.1607E-07
493.8,4.8873E-07
494,6.4758E-07
494.2,8.3576E-07
494.4,1.1809E-06
494.6,1.4695E-06
494.8,2.0907E-06
495,3.2532E-06
495.2,5.2478E-06
495.4,8.6036E-06
495.6,0.000015118
495.8,0.000025535
496,0.000043008
496.2,0.000075058
496.4,0.00013288
496.6,0.00023935
496.8,0.0004475
497,0.00102
497.2,0.00198
497.4,0.00368
497.6,0.00726
497.8,0.01507
498,0.03284
498.2,0.07362
498.4,0.16171
498.6,0.31126
498.8,0.53265
499,0.73594
499.2,0.8618
499.4,0.91846
499.6,0.943
499.8,0.95581
500,0.96398
500.2,0.96812
500.4,0.97063
500.6,0.97246
500.8,0.97483
501,0.97683
501.2,0.97956
501.4,0.98307
501.6,0.9852
501.8,0.98697
502,0.98804
502.2,0.98752
502.4,0.98512
502.6,0.98182
502.8,0.97737
503,0.97338
503.2,0.96982
503.4,0.96648
503.6,0.96393
503.8,0.96332
504,0.96251
504.2,0.9624
504.4,0.96427
504.6,0.96631
504.8,0.96991
505,0.97204
505.2,0.97525
505.4,0.97758
505.6,0.98075
505.8,0.98214
506,0.98388
506.2,0.98451
506.4,0.9849
506.6,0.98491
506.8,0.98462
507,0.98515
507.2,0.98448
507.4,0.98396
507.6,0.98295
507.8,0.98203
508,0.98085
508.2,0.97979
508.4,0.97883
508.6,0.97724
508.8,0.9757
509,0.97465
509.2,0.973
509.4,0.97222
509.6,0.97089
509.8,0.97089
510,0.97052
510.2,0.97077
510.4,0.97163
510.6,0.97321
510.8,0.97455
511,0.97647
511.2,0.97938
511.4,0.98144
511.6,0.98378
511.8,0.98614
512,0.98842
512.2,0.99
512.4,0.99192
512.6,0.99339
512.8,0.99375
513,0.99424
513.2,0.99402
513.4,0.99422
513.6,0.9933
513.8,0.99212
514,0.9912
514.2,0.99034
514.4,0.98949
514.6,0.98886
514.8,0.98863
515,0.98818
515.2,0.988
515.4,0.98813
515.6,0.98821
515.8,0.98914
516,0.9899
516.2,0.99118
516.4,0.99202
516.6,0.99253
516.8,0.99329
517,0.99334
517.2,0.99369
517.4,0.99424
517.6,0.99411
517.8,0.99353
518,0.9934
518.2,0.99321
518.4,0.99319
518.6,0.99278
518.8,0.99225
519,0.99153
519.2,0.99125
519.4,0.99097
519.6,0.99074
519.8,0.99031
520,0.98982
520.2,0.98924
520.4,0.98874
520.6,0.98834
520.8,0.98721
521,0.98514
521.2,0.98294
521.4,0.9805
521.6,0.97775
521.8,0.97508
522,0.97166
522.2,0.96861
522.4,0.96509
522.6,0.9611
522.8,0.95836
523,0.95536
523.2,0.9535
523.4,0.95121
523.6,0.95084
523.8,0.95027
524,0.951
524.2,0.95191
524.4,0.95351
524.6,0.95646
524.8,0.95982
525,0.96343
525.2,0.96677
525.4,0.97089
525.6,0.97464
525.8,0.9781
526,0.98134
526.2,0.98418
526.4,0.98604
526.6,0.98719
526.8,0.98715
527,0.98615
527.2,0.98474
527.4,0.98189
527.6,0.97925
527.8,0.97597
528,0.97344
528.2,0.97121
528.4,0.96897
528.6,0.96687
528.8,0.96625
529,0.96581
529.2,0.96681
529.4,0.96807
529.6,0.96999
529.8,0.97266
530,0.97552
530.2,0.97886
530.4,0.98185
530.6,0.98414
530.8,0.98592
531,0.9869
531.2,0.98595
531.4,0.98427
531.6,0.98097
531.8,0.97647
532,0.97086
532.2,0.96468
532.4,0.95781
532.6,0.95091
532.8,0.94464
533,0.93787
533.2,0.93291
533.4,0.92942
533.6,0.92691
533.8,0.92619
534,0.92718
534.2,0.93003
534.4,0.93428
534.6,0.93951
534.8,0.94571
535,0.95248
535.2,0.96006
535.4,0.9664
535.6,0.9717
535.8,0.97552
536,0.97892
536.2,0.98026
536.4,0.98017
536.6,0.97855
536.8,0.97627
537,0.97422
537.2,0.97174
537.4,0.96949
537.6,0.96833
537.8,0.96849
538,0.96926
538.2,0.96947
538.4,0.97002
538.6,0.96845
538.8,0.96338
539,0.95251
539.2,0.93337
539.4,0.89917
539.6,0.84977
539.8,0.78175
540,0.6957
540.2,0.59446
540.4,0.4867
540.6,0.38188
540.8,0.28493
541,0.20466
541.2,0.14628
541.4,0.10316
541.6,0.0724
541.8,0.05083
542,0.03586
542.2,0.02557
542.4,0.01832
542.6,0.01314
542.8,0.00953
543,0.00699
543.2,0.00514
543.4,0.00383
543.6,0.00288
543.8,0.00218
544,0.00166
544.2,0.00127
544.4,0.00098472
544.6,0.00076992
544.8,0.00060781
545,0.00048081
545.2,0.00039046
545.4,0.00031255
545.6,0.00025156
545.8,0.00020399
546,0.00016728
546.2,0.00013814
546.4,0.0001123
546.6,0.000092023
546.8,0.000076436
547,0.00006391
547.2,0.000053915
547.4,0.000046077
547.6,0.00003919
547.8,0.000033132
548,0.000028004
548.2,0.000024054
548.4,0.000020708
548.6,0.000017876
548.8,0.000015736
549,0.000013701
549.2,0.00001212
549.4,0.000010666
549.6,9.5184E-06
549.8,8.4997E-06
550,7.5633E-06
550.2,6.8291E-06
550.4,6.1243E-06
550.6,5.3462E-06
550.8,4.8242E-06
551,4.3666E-06
551.2,0.000003976
551.4,3.6828E-06
551.6,3.2972E-06
551.8,3.0726E-06
552,2.8709E-06
552.2,2.6138E-06
552.4,2.3619E-06
552.6,2.2128E-06
552.8,2.1586E-06
553,1.8648E-06
553.2,0.000001897
553.4,1.8005E-06
553.6,1.5852E-06
553.8,1.4114E-06
554,0.000001337
554.2,1.4108E-06
554.4,1.3605E-06
554.6,1.2422E-06
554.8,1.1776E-06
555,1.1177E-06
555.2,1.0476E-06
555.4,1.0082E-06
555.6,9.5698E-07
555.8,8.9027E-07
556,8.9028E-07
556.2,8.6774E-07
556.4,8.1648E-07
556.6,8.3803E-07
556.8,8.9103E-07
557,7.9461E-07
557.2,7.8054E-07
557.4,8.1539E-07
557.6,8.3189E-07
557.8,7.973E-07
558,7.7225E-07
558.2,7.6243E-07
558.4,7.9519E-07
558.6,7.633E-07
558.8,7.4923E-07
559,7.339E-07
559.2,0.00000069
559.4,6.7702E-07
559.6,7.3199E-07
559.8,7.5574E-07
560,7.5974E-07
560.2,7.317E-07
560.4,7.1076E-07
560.6,7.2489E-07
560.8,7.2656E-07
561,8.1359E-07
561.2,8.0605E-07
561.4,8.1698E-07
561.6,7.9815E-07
561.8,7.5929E-07
562,7.3794E-07
562.2,7.3353E-07
562.4,8.1491E-07
562.6,8.0711E-07
562.8,8.3569E-07
563,8.1887E-07
563.2,7.6068E-07
563.4,7.4131E-07
563.6,7.2923E-07
563.8,7.606E-07
564,7.3694E-07
564.2,7.7951E-07
564.4,8.1125E-07
564.6,7.841E-07
564.8,7.4432E-07
565,8.2563E-07
565.2,8.3073E-07
565.4,8.0767E-07
565.6,7.7681E-07
565.8,7.466E-07
566,7.359E-07
566.2,7.9449E-07
566.4,7.8548E-07
566.6,8.0794E-07
566.8,8.7545E-07
567,9.0818E-07
567.2,8.9733E-07
567.4,8.7272E-07
567.6,9.1847E-07
567.8,9.9137E-07
568,1.0533E-06
568.2,1.1224E-06
568.4,0.00000116
568.6,1.1833E-06
568.8,1.2445E-06
569,1.3931E-06
569.2,1.4793E-06
569.4,1.6046E-06
569.6,1.6603E-06
569.8,1.8241E-06
570,2.0551E-06
570.2,2.0572E-06
570.4,0.000002193
570.6,2.2252E-06
570.8,2.3275E-06
571,0.000002303
571.2,0.000002273
571.4,2.2674E-06
571.6,2.1145E-06
571.8,1.8494E-06
572,1.6821E-06
572.2,0.000001534
572.4,1.4105E-06
572.6,1.2555E-06
572.8,1.0751E-06
573,1.0581E-06
573.2,9.1469E-07
573.4,8.7311E-07
573.6,7.8552E-07
573.8,7.3563E-07
574,6.8521E-07
574.2,5.975E-07
574.4,5.4324E-07
574.6,4.9126E-07
574.8,4.3135E-07
575,3.6803E-07
575.2,3.3276E-07
575.4,3.1475E-07
575.6,2.9499E-07
575.8,3.4873E-07
576,3.2928E-07
576.2,3.6622E-07
576.4,3.627E-07
576.6,3.3039E-07
576.8,3.2034E-07
577,3.8976E-07
577.2,3.343E-07
577.4,3.103E-07
577.6,2.6072E-07
577.8,2.6555E-07
578,2.4205E-07
578.2,2.0158E-07
578.4,3.0596E-07
578.6,2.8931E-07
578.8,3.0031E-07
579,2.8537E-07
579.2,2.7288E-07
579.4,2.8973E-07
579.6,3.3862E-07
579.8,4.0062E-07
580,3.3689E-07
580.2,3.5305E-07
580.4,3.512E-07
580.6,3.9406E-07
580.8,0.000000462
581,4.2155E-07
581.2,4.3725E-07
581.4,5.0915E-07
581.6,5.4432E-07
581.8,5.5763E-07
582,6.1067E-07
582.2,6.7754E-07
582.4,7.2711E-07
582.6,7.1126E-07
582.8,8.4974E-07
583,9.6462E-07
583.2,9.9732E-07
583.4,0.00000108
583.6,1.2154E-06
583.8,1.2837E-06
584,1.2575E-06
584.2,0.000001344
584.4,1.3883E-06
584.6,1.3925E-06
584.8,0.000001427
585,0.000001397
585.2,1.2256E-06
585.4,1.2398E-06
585.6,1.2348E-06
585.8,1.1639E-06
586,1.0486E-06
586.2,9.7748E-07
586.4,9.3986E-07
586.6,9.1583E-07
586.8,8.1441E-07
587,7.8629E-07
587.2,7.8535E-07
587.4,7.7131E-07
587.6,7.7009E-07
587.8,7.7881E-07
588,7.3167E-07
588.2,6.4492E-07
588.4,6.5621E-07
588.6,6.7254E-07
588.8,6.3533E-07
589,7.0879E-07
589.2,6.9103E-07
589.4,6.4454E-07
589.6,6.3588E-07
589.8,6.5308E-07
590,0.000000678
590.2,6.993E-07
590.4,7.1809E-07
590.6,6.1717E-07
590.8,6.7075E-07
591,6.8473E-07
591.2,6.9234E-07
591.4,7.0279E-07
591.6,7.0539E-07
591.8,7.3511E-07
592,7.4202E-07
592.2,7.4106E-07
592.4,7.1366E-07
592.6,7.2349E-07
592.8,7.7373E-07
593,7.4197E-07
593.2,7.6488E-07
593.4,7.6479E-07
593.6,8.2042E-07
593.8,7.8572E-07
594,7.2723E-07
594.2,7.0529E-07
594.4,6.8943E-07
594.6,7.0796E-07
594.8,6.0499E-07
595,6.1823E-07
595.2,6.0711E-07
595.4,5.7104E-07
595.6,5.4702E-07
595.8,5.7775E-07
596,5.4884E-07
596.2,6.1061E-07
596.4,5.6417E-07
596.6,5.3344E-07
596.8,5.3986E-07
597,5.6183E-07
597.2,5.5579E-07
597.4,5.4158E-07
597.6,5.5582E-07
597.8,5.4655E-07
598,5.7203E-07
598.2,6.2529E-07
598.4,6.2452E-07
598.6,6.4792E-07
598.8,6.4676E-07
599,7.2992E-07
599.2,7.9059E-07
599.4,8.1631E-07
599.6,8.2151E-07
599.8,8.4237E-07
600,9.8409E-07
600.2,1.1787E-06
600.4,1.2786E-06
600.6,1.3871E-06
600.8,1.5047E-06
601,1.6322E-06
601.2,1.7706E-06
601.4,1.9208E-06
601.6,2.0836E-06
601.8,2.2603E-06
602,0.000002452
602.2,2.6599E-06
602.4,2.8854E-06
602.6,2.8576E-06
602.8,2.6347E-06
603,2.4292E-06
603.2,2.2397E-06
603.4,0.000002065
603.6,1.9039E-06
603.8,1.7554E-06
604,1.6185E-06
604.2,1.4922E-06
604.4,1.3758E-06
604.6,1.2685E-06
604.8,1.1695E-06
605,1.0829E-06
605.2,1.0076E-06
605.4,9.3751E-07
605.6,8.7231E-07
605.8,8.1165E-07
606,7.552E-07
606.2,7.0268E-07
606.4,6.5381E-07
606.6,6.0834E-07
606.8,5.6604E-07
607,5.2667E-07
607.2,4.9004E-07
607.4,4.6654E-07
607.6,4.6187E-07
607.8,4.5724E-07
608,4.5265E-07
608.2,4.4812E-07
608.4,4.4363E-07
608.6,4.3918E-07
608.8,4.3478E-07
609,4.3042E-07
609.2,4.261E-07
609.4,4.2183E-07
609.6,4.176E-07
609.8,4.1342E-07
610,4.233E-07
610.2,4.5129E-07
610.4,4.8112E-07
610.6,5.1293E-07
610.8,5.4684E-07
611,5.8299E-07
611.2,6.2152E-07
611.4,6.6261E-07
611.6,7.0641E-07
611.8,7.5311E-07
612,8.029E-07
612.2,8.5598E-07
612.4,9.1256E-07
612.6,9.7359E-07
612.8,1.0393E-06
613,1.1095E-06
613.2,1.1845E-06
613.4,1.2645E-06
613.6,1.3499E-06
613.8,0.000001441
614,1.5384E-06
614.2,1.6423E-06
614.4,1.7532E-06
614.6,1.8716E-06
614.8,0.000001998
615,2.0183E-06
615.2,1.9056E-06
615.4,1.7992E-06
615.6,1.6987E-06
615.8,1.6039E-06
616,1.5143E-06
616.2,1.4298E-06
616.4,0.00000135
616.6,1.2746E-06
616.8,1.2034E-06
617,1.1362E-06
617.2,1.0728E-06
617.4,1.0184E-06
617.6,9.7603E-07
617.8,9.3541E-07
618,8.9647E-07
618.2,8.5916E-07
618.4,8.234E-07
618.6,7.8912E-07
618.8,7.5628E-07
619,7.248E-07
619.2,6.9463E-07
619.4,6.6571E-07
619.6,0.000000638
619.8,6.1145E-07
620,6.0691E-07
620.2,6.2824E-07
620.4,6.5031E-07
620.6,6.7317E-07
620.8,6.9683E-07
621,7.2132E-07
621.2,7.4667E-07
621.4,7.7291E-07
621.6,8.0007E-07
621.8,8.2819E-07
622,8.5729E-07
622.2,8.8742E-07
622.4,9.1861E-07
622.6,9.2928E-07
622.8,9.2185E-07
623,9.1447E-07
623.2,9.0716E-07
623.4,8.999E-07
623.6,8.927E-07
623.8,8.8556E-07
624,8.7847E-07
624.2,8.7144E-07
624.4,8.6447E-07
624.6,8.5755E-07
624.8,8.5069E-07
625,8.149E-07
625.2,7.4923E-07
625.4,6.8885E-07
625.6,6.3334E-07
625.8,5.823E-07
626,5.3538E-07
626.2,4.9223E-07
626.4,4.5256E-07
626.6,4.1609E-07
626.8,3.8256E-07
627,3.5173E-07
627.2,3.2339E-07
627.4,2.9885E-07
627.6,2.785E-07
627.8,2.5953E-07
628,2.4186E-07
628.2,2.2539E-07
628.4,2.1004E-07
628.6,1.9573E-07
628.8,1.824E-07
629,1.6998E-07
629.2,1.584E-07
629.4,1.4761E-07
629.6,1.3756E-07
629.8,1.2819E-07
630,1.2403E-07
630.2,1.2541E-07
630.4,1.268E-07
630.6,1.2821E-07
630.8,1.2964E-07
631,1.3108E-07
631.2,1.3254E-07
631.4,1.3401E-07
631.6,1.355E-07
631.8,1.3701E-07
632,1.3853E-07
632.2,1.4007E-07
632.4,1.4163E-07
632.6,1.4119E-07
632.8,1.3904E-07
633,1.3691E-07
633.2,1.3483E-07
633.4,1.3277E-07
633.6,1.3074E-07
633.8,1.2875E-07
634,1.2678E-07
634.2,1.2485E-07
634.4,1.2294E-07
634.6,1.2107E-07
634.8,1.1922E-07
635,1.2028E-07
635.2,1.2483E-07
635.4,1.2957E-07
635.6,1.3448E-07
635.8,1.3957E-07
636,1.4486E-07
636.2,1.5035E-07
636.4,1.5605E-07
636.6,1.6196E-07
636.8,1.681E-07
637,1.7447E-07
637.2,1.8108E-07
637.4,1.8555E-07
637.6,1.8635E-07
637.8,1.8715E-07
638,1.8796E-07
638.2,1.8877E-07
638.4,1.8959E-07
638.6,1.9041E-07
638.8,1.9123E-07
639,1.9206E-07
639.2,1.9289E-07
639.4,1.9372E-07
639.6,1.9455E-07
639.8,1.9539E-07
640,2.0153E-07
640.2,2.1444E-07
640.4,2.2819E-07
640.6,2.4281E-07
640.8,2.5837E-07
641,2.7493E-07
641.2,2.9255E-07
641.4,3.113E-07
641.6,3.3125E-07
641.8,3.5248E-07
642,3.7507E-07
642.2,3.991E-07
642.4,4.2468E-07
642.6,4.5079E-07
642.8,4.7746E-07
643,5.057E-07
643.2,5.3562E-07
643.4,5.6731E-07
643.6,6.0087E-07
643.8,6.3642E-07
644,6.7407E-07
644.2,7.1395E-07
644.4,7.5618E-07
644.6,8.0092E-07
644.8,8.483E-07
645,8.7489E-07
645.2,8.7454E-07
645.4,8.7419E-07
645.6,8.7385E-07
645.8,8.735E-07
646,8.7316E-07
646.2,8.7281E-07
646.4,8.7247E-07
646.6,8.7212E-07
646.8,8.7178E-07
647,8.7143E-07
647.2,8.7109E-07
647.4,8.6006E-07
647.6,8.3358E-07
647.8,8.0792E-07
648,7.8305E-07
648.2,7.5895E-07
648.4,7.3559E-07
648.6,7.1295E-07
648.8,0.000000691
649,6.6973E-07
649.2,6.4911E-07
649.4,6.2913E-07
649.6,6.0977E-07
649.8,0.000000591
650,5.8991E-07
650.2,6.0953E-07
650.4,6.298E-07
650.6,6.5074E-07
650.8,6.7238E-07
651,6.9474E-07
651.2,7.1784E-07
651.4,7.4172E-07
651.6,7.6638E-07
651.8,7.9187E-07
652,8.182E-07
652.2,8.4541E-07
652.4,8.7352E-07
652.6,9.1828E-07
652.8,9.8085E-07
653,1.0477E-06
653.2,0.000001119
653.4,1.1953E-06
653.6,1.2767E-06
653.8,1.3637E-06
654,1.4566E-06
654.2,1.5559E-06
654.4,1.6619E-06
654.6,1.7751E-06
654.8,0.000001896
655,1.9188E-06
655.2,1.8228E-06
655.4,1.7316E-06
655.6,1.6449E-06
655.8,1.5626E-06
656,1.4844E-06
656.2,1.4101E-06
656.4,1.3395E-06
656.6,1.2725E-06
656.8,1.2088E-06
657,1.1483E-06
657.2,1.0908E-06
657.4,1.0029E-06
657.6,8.7891E-07
657.8,7.7025E-07
658,6.7501E-07
658.2,5.9156E-07
658.4,5.1842E-07
658.6,4.5432E-07
658.8,3.9815E-07
659,3.4892E-07
659.2,3.0578E-07
659.4,2.6798E-07
659.6,2.3485E-07
659.8,2.0581E-07
660,1.8739E-07
660.2,1.7862E-07
660.4,1.7025E-07
660.6,1.6228E-07
660.8,1.5468E-07
661,1.4744E-07
661.2,1.4054E-07
661.4,1.3396E-07
661.6,1.2768E-07
661.8,1.217E-07
662,1.1601E-07
662.2,1.1057E-07
662.4,1.054E-07
662.6,1.0077E-07
662.8,9.6641E-08
663,9.2682E-08
663.2,8.8885E-08
663.4,8.5243E-08
663.6,8.1751E-08
663.8,7.8402E-08
664,7.519E-08
664.2,7.211E-08
664.4,6.9155E-08
664.6,6.6322E-08
664.8,6.3605E-08
665,6.1715E-08
665.2,6.0758E-08
665.4,5.9817E-08
665.6,5.8889E-08
665.8,5.7977E-08
666,5.7078E-08
666.2,5.6193E-08
666.4,5.5322E-08
666.6,5.4465E-08
666.8,5.362E-08
667,5.2789E-08
667.2,5.1971E-08
667.4,5.2861E-08
667.6,5.646E-08
667.8,6.0305E-08
668,6.4411E-08
668.2,6.8797E-08
668.4,7.3482E-08
668.6,7.8485E-08
668.8,8.383E-08
669,8.9538E-08
669.2,9.5635E-08
669.4,1.0215E-07
669.6,1.091E-07
669.8,1.1653E-07
670,1.2017E-07
670.2,1.1883E-07
670.4,1.175E-07
670.6,1.1619E-07
670.8,1.1489E-07
671,1.1361E-07
671.2,1.1234E-07
671.4,1.1108E-07
671.6,1.0984E-07
671.8,1.0861E-07
672,1.074E-07
672.2,1.0619E-07
672.4,1.0501E-07
672.6,1.0509E-07
672.8,1.0641E-07
673,1.0774E-07
673.2,1.0909E-07
673.4,1.1045E-07
673.6,1.1183E-07
673.8,1.1323E-07
674,1.1465E-07
674.2,1.1608E-07
674.4,1.1753E-07
674.6,0.000000119
674.8,1.2049E-07
675,1.2392E-07
675.2,1.2978E-07
675.4,1.3591E-07
675.6,1.4233E-07
675.8,1.4905E-07
676,1.5609E-07
676.2,1.6347E-07
676.4,1.7119E-07
676.6,1.7928E-07
676.8,1.8775E-07
677,1.9662E-07
677.2,2.059E-07
677.4,2.1174E-07
677.6,2.1246E-07
677.8,2.1318E-07
678,2.139E-07
678.2,2.1462E-07
678.4,2.1534E-07
678.6,2.1607E-07
678.8,2.168E-07
679,2.1753E-07
679.2,2.1827E-07
679.4,0.000000219
679.6,2.1974E-07
679.8,2.2048E-07
680,2.2161E-07
680.2,2.2319E-07
680.4,2.2478E-07
680.6,2.2638E-07
680.8,0.000000228
681,2.2963E-07
681.2,2.3126E-07
681.4,2.3291E-07
681.6,2.3458E-07
681.8,2.3625E-07
682,2.3794E-07
682.2,2.3963E-07
682.4,2.4134E-07
682.6,2.4172E-07
682.8,2.4062E-07
683,2.3953E-07
683.2,2.3844E-07
683.4,2.3735E-07
683.6,2.3627E-07
683.8,2.352E-07
684,2.3413E-07
684.2,2.3306E-07
684.4,0.000000232
684.6,2.3095E-07
684.8,2.2989E-07
685,2.323E-07
685.2,2.3926E-07
685.4,2.4642E-07
685.6,2.5379E-07
685.8,2.6139E-07
686,2.6921E-07
686.2,2.7727E-07
686.4,2.8557E-07
686.6,2.9411E-07
686.8,3.0292E-07
687,3.1198E-07
687.2,3.2132E-07
687.4,3.2367E-07
687.6,3.158E-07
687.8,3.0812E-07
688,3.0062E-07
688.2,2.933E-07
688.4,2.8617E-07
688.6,2.7921E-07
688.8,2.7241E-07
689,2.6578E-07
689.2,2.5932E-07
689.4,2.5301E-07
689.6,2.4685E-07
689.8,2.4085E-07
690,2.3562E-07
690.2,2.3129E-07
690.4,2.2704E-07
690.6,2.2287E-07
690.8,2.1878E-07
691,2.1476E-07
691.2,2.1082E-07
691.4,2.0694E-07
691.6,2.0314E-07
691.8,1.9941E-07
692,1.9575E-07
692.2,1.9215E-07
692.4,1.8862E-07
692.6,1.8789E-07
692.8,1.9027E-07
693,1.9268E-07
693.2,1.9512E-07
693.4,1.9759E-07
693.6,2.0009E-07
693.8,2.0262E-07
694,2.0519E-07
694.2,2.0779E-07
694.4,2.1042E-07
694.6,2.1308E-07
694.8,2.1578E-07
695,2.1701E-07
695.2,2.1632E-07
695.4,2.1564E-07
695.6,2.1496E-07
695.8,2.1428E-07
696,2.1361E-07
696.2,2.1293E-07
696.4,2.1226E-07
696.6,2.1159E-07
696.8,2.1093E-07
697,2.1026E-07
697.2,2.096E-07
697.4,2.0806E-07
697.6,2.0531E-07
697.8,2.026E-07
698,1.9993E-07
698.2,1.9728E-07
698.4,1.9468E-07
698.6,1.9211E-07
698.8,1.8957E-07
699,1.8707E-07
699.2,1.846E-07
699.4,1.8216E-07
699.6,1.7975E-07
699.8,1.7738E-07
700,1.8453E-07
700.2,1.9637E-07
700.4,2.0896E-07
700.6,2.2237E-07
700.8,2.3663E-07
701,2.5181E-07
701.2,2.6796E-07
701.4,2.8046E-07
701.6,2.9306E-07
701.8,3.0623E-07
702,3.1999E-07
702.2,3.3436E-07
702.4,3.4938E-07
702.6,3.6508E-07
702.8,3.8148E-07
703,3.9862E-07
703.2,4.1653E-07
703.4,4.3524E-07
703.6,4.587E-07
703.8,4.9315E-07
704,5.3018E-07
704.2,0.00000057
704.4,6.1281E-07
704.6,6.5883E-07
704.8,7.0831E-07
705,7.6151E-07
705.2,8.187E-07
705.4,8.8018E-07
705.6,9.4629E-07
705.8,1.0174E-06
706,1.1298E-06
706.2,1.2728E-06
706.4,1.4338E-06
706.6,1.6152E-06
706.8,1.8195E-06
707,2.0497E-06
707.2,0.000002309
707.4,2.6011E-06
707.6,2.9302E-06
707.8,3.3009E-06
708,3.7185E-06
708.2,4.1468E-06
708.4,4.1999E-06
708.6,4.2538E-06
708.8,4.3083E-06
709,4.3635E-06
709.2,4.4195E-06
709.4,4.4761E-06
709.6,4.5335E-06
709.8,4.5916E-06
710,4.6504E-06
710.2,4.8181E-06
710.4,4.9919E-06
710.6,5.1719E-06
710.8,5.3584E-06
711,5.5516E-06
711.2,5.7518E-06
711.4,5.3563E-06
711.6,4.9193E-06
711.8,0.000004518
712,4.1494E-06
712.2,3.8109E-06
712.4,0.0000035
712.6,3.2145E-06
712.8,2.9522E-06
713,2.7114E-06
713.2,2.4902E-06
713.4,0.000002287
713.6,2.1279E-06
713.8,2.0452E-06
714,1.9657E-06
714.2,1.8894E-06
714.4,0.000001816
714.6,1.7454E-06
714.8,1.6776E-06
715,1.6124E-06
715.2,1.5498E-06
715.4,1.4896E-06
715.6,1.4317E-06
715.8,1.3761E-06
716,1.3478E-06
716.2,1.3316E-06
716.4,1.3156E-06
716.6,1.2998E-06
716.8,1.2842E-06
717,1.2687E-06
717.2,1.2535E-06
717.4,1.2384E-06
717.6,1.2235E-06
717.8,1.2088E-06
718,1.1943E-06
718.2,1.1801E-06
718.4,1.1682E-06
718.6,1.1563E-06
718.8,1.1446E-06
719,0.000001133
719.2,1.1215E-06
719.4,1.1101E-06
719.6,1.0988E-06
719.8,1.0877E-06
720,1.0766E-06
720.2,0.00000118
720.4,1.2933E-06
720.6,1.4175E-06
720.8,1.5537E-06
721,1.7029E-06
721.2,1.8664E-06
721.4,0.000001975
721.6,0.000002078
721.8,2.1863E-06
722,2.3003E-06
722.2,2.4203E-06
722.4,2.5465E-06
722.6,2.6792E-06
722.8,2.8189E-06
723,2.9659E-06
723.2,3.1206E-06
723.4,3.2833E-06
723.6,3.4601E-06
723.8,3.6631E-06
724,0.000003878
724.2,4.1055E-06
724.4,4.3464E-06
724.6,4.6013E-06
724.8,4.8713E-06
725,0.000005157
725.2,5.4595E-06
725.4,5.7798E-06
725.6,6.1189E-06
725.8,6.4778E-06
726,6.6953E-06
726.2,6.8407E-06
726.4,6.9893E-06
726.6,0.000007141
726.8,7.2961E-06
727,7.4545E-06
727.2,7.6164E-06
727.4,7.7818E-06
727.6,7.9507E-06
727.8,8.1234E-06
728,8.2998E-06
728.2,8.4253E-06
728.4,8.0108E-06
728.6,7.6167E-06
728.8,0.000007242
729,6.8857E-06
729.2,6.5469E-06
729.4,6.2248E-06
729.6,5.9186E-06
729.8,5.6274E-06
730,5.3506E-06
730.2,5.6372E-06
730.4,5.9391E-06
730.6,6.2572E-06
730.8,6.5924E-06
731,6.9455E-06
731.2,7.3175E-06
731.4,7.4263E-06
731.6,7.4964E-06
731.8,7.5673E-06
732,7.6388E-06
732.2,0.000007711
732.4,7.7838E-06
732.6,7.8574E-06
732.8,7.9316E-06
733,8.0065E-06
733.2,8.0822E-06
733.4,8.1586E-06
733.6,8.2796E-06
733.8,8.5127E-06
734,8.7524E-06
734.2,8.9988E-06
734.4,9.2522E-06
734.6,9.5127E-06
734.8,9.7805E-06
735,0.000010056
735.2,0.000010339
735.4,0.00001063
735.6,0.000010929
735.8,0.000011237
736,0.000011332
736.2,0.000011337
736.4,0.000011341
736.6,0.000011345
736.8,0.000011349
737,0.000011353
737.2,0.000011358
737.4,0.000011362
737.6,0.000011366
737.8,0.00001137
738,0.000011375
738.2,0.000011241
738.4,0.000010237
738.6,9.3231E-06
738.8,8.4907E-06
739,7.7326E-06
739.2,7.0422E-06
739.4,6.4134E-06
739.6,5.8408E-06
739.8,5.3193E-06
740,4.8444E-06
740.2,4.8707E-06
740.4,4.8971E-06
740.6,4.9237E-06
740.8,4.9504E-06
741,4.9772E-06
741.2,5.0042E-06
741.4,4.8104E-06
741.6,4.5846E-06
741.8,4.3695E-06
742,4.1645E-06
742.2,0.000003969
742.4,3.7828E-06
742.6,3.6053E-06
742.8,3.4361E-06
743,3.2748E-06
743.2,3.1212E-06
743.4,2.9747E-06
743.6,2.8516E-06
743.8,0.000002778
744,2.7062E-06
744.2,2.6363E-06
744.4,2.5683E-06
744.6,2.5019E-06
744.8,2.4373E-06
745,2.3744E-06
745.2,2.3131E-06
745.4,2.2533E-06
745.6,2.1951E-06
745.8,2.1385E-06
746,2.1084E-06
746.2,0.00000209
746.4,2.0717E-06
746.6,2.0537E-06
746.8,2.0357E-06
747,0.000002018
747.2,2.0004E-06
747.4,1.9829E-06
747.6,1.9656E-06
747.8,1.9484E-06
748,1.9314E-06
748.2,1.9116E-06
748.4,1.8702E-06
748.6,1.8298E-06
748.8,1.7902E-06
749,1.7515E-06
749.2,1.7136E-06
749.4,1.6765E-06
749.6,1.6403E-06
749.8,1.6048E-06
750,1.5701E-06
750.2,1.6981E-06
750.4,1.8367E-06
750.6,1.9865E-06
750.8,2.1485E-06
751,2.3238E-06
751.2,2.5133E-06
751.4,2.6254E-06
751.6,2.7236E-06
751.8,2.8255E-06
752,2.9313E-06
752.2,0.000003041
752.4,3.1548E-06
752.6,3.2728E-06
752.8,3.3953E-06
753,3.5224E-06
753.2,3.6542E-06
753.4,0.000003791
753.6,0.000003946
753.8,4.1457E-06
754,4.3555E-06
754.2,0.000004576
754.4,4.8076E-06
754.6,5.0509E-06
754.8,5.3065E-06
755,5.5751E-06
755.2,5.8572E-06
755.4,6.1537E-06
755.6,6.4651E-06
755.8,6.7923E-06
756,7.0884E-06
756.2,7.3761E-06
756.4,7.6755E-06
756.6,0.000007987
756.8,8.3112E-06
757,8.6485E-06
757.2,8.9995E-06
757.4,9.3648E-06
757.6,9.7449E-06
757.8,0.00001014
758,0.000010552
758.2,0.000010874
758.4,0.000010527
758.6,0.000010191
758.8,9.8661E-06
759,9.5514E-06
759.2,9.2467E-06
759.4,8.9518E-06
759.6,8.6662E-06
759.8,8.3898E-06
760,8.1222E-06
760.2,8.6117E-06
760.4,9.1308E-06
760.6,9.6812E-06
760.8,0.000010265
761,0.000010883
761.2,0.000011539
761.4,0.000011534
761.6,0.000011386
761.8,0.000011239
762,0.000011095
762.2,0.000010952
762.4,0.000010811
762.6,0.000010672
762.8,0.000010535
763,0.000010399
763.2,0.000010265
763.4,0.000010133
763.6,0.000010032
763.8,0.000010017
764,0.000010001
764.2,9.9852E-06
764.4,9.9695E-06
764.6,9.9538E-06
764.8,9.9382E-06
765,9.9225E-06
765.2,9.9069E-06
765.4,9.8914E-06
765.6,9.8758E-06
765.8,9.8603E-06
766,9.9201E-06
766.2,0.000010013
766.4,0.000010107
766.6,0.000010201
766.8,0.000010297
767,0.000010393
767.2,0.000010491
767.4,0.000010589
767.6,0.000010688
767.8,0.000010788
768,0.000010889
768.2,0.000010924
768.4,0.000010573
768.6,0.000010233
768.8,9.9045E-06
769,9.5862E-06
769.2,9.2782E-06
769.4,0.00000898
769.6,8.6915E-06
769.8,8.4122E-06
770,8.1418E-06
770.2,8.6515E-06
770.4,9.1931E-06
770.6,9.7687E-06
770.8,0.00001038
771,0.00001103
771.2,0.000011721
771.4,0.000011763
771.6,0.000011632
771.8,0.000011503
772,0.000011376
772.2,0.00001125
772.4,0.000011125
772.6,0.000011002
772.8,0.00001088
773,0.000010759
773.2,0.00001064
773.4,0.000010522
773.6,0.000010373
773.8,0.000010125
774,9.8828E-06
774.2,9.6464E-06
774.4,9.4157E-06
774.6,9.1904E-06
774.8,8.9706E-06
775,0.000008756
775.2,8.5465E-06
775.4,8.3421E-06
775.6,8.1426E-06
775.8,7.9478E-06
776,7.7645E-06
776.2,7.5884E-06
776.4,7.4164E-06
776.6,7.2483E-06
776.8,0.000007084
777,6.9234E-06
777.2,6.7664E-06
777.4,0.000006613
777.6,6.4631E-06
777.8,6.3166E-06
778,6.1734E-06
778.2,6.0134E-06
778.4,5.7394E-06
778.6,5.4778E-06
778.8,5.2282E-06
779,4.9899E-06
779.2,4.7625E-06
779.4,4.5455E-06
779.6,4.3383E-06
779.8,4.1406E-06
780,3.9519E-06
780.2,3.8822E-06
780.4,0.000003867
780.6,3.8518E-06
780.8,3.8368E-06
781,3.8218E-06
781.2,3.8068E-06
781.4,3.7919E-06
781.6,3.7771E-06
781.8,3.7623E-06
782,3.7476E-06
782.2,3.7329E-06
782.4,3.7183E-06
782.6,3.6495E-06
782.8,3.4984E-06
783,3.3536E-06
783.2,3.2148E-06
783.4,3.0817E-06
783.6,2.9541E-06
783.8,2.8318E-06
784,2.7146E-06
784.2,2.6022E-06
784.4,2.4945E-06
784.6,2.3912E-06
784.8,2.2922E-06
785,2.2198E-06
785.2,2.2307E-06
785.4,2.2416E-06
785.6,2.2526E-06
785.8,2.2637E-06
786,2.2748E-06
786.2,0.000002286
786.4,2.2972E-06
786.6,2.3085E-06
786.8,2.3198E-06
787,2.3312E-06
787.2,2.3427E-06
787.4,2.3542E-06
787.6,2.3658E-06
787.8,2.3435E-06
788,2.2978E-06
788.2,2.2531E-06
788.4,2.2092E-06
788.6,2.1662E-06
788.8,0.000002124
789,2.0826E-06
789.2,2.0421E-06
789.4,2.0023E-06
789.6,1.9633E-06
789.8,0.000001946
790,1.9477E-06
790.2,1.9495E-06
790.4,1.9513E-06
790.6,0.000001953
790.8,1.9548E-06
791,1.9565E-06
791.2,1.9583E-06
791.4,1.9601E-06
791.6,1.9618E-06
791.8,1.9636E-06
792,1.9654E-06
792.2,1.9777E-06
792.4,1.9912E-06
792.6,2.0047E-06
792.8,2.0183E-06
793,2.0321E-06
793.2,2.0459E-06
793.4,2.0598E-06
793.6,2.0738E-06
793.8,2.0879E-06
794,2.1021E-06
794.2,2.1163E-06
794.4,2.1307E-06
794.6,2.1452E-06
794.8,2.1598E-06
795,2.1745E-06
795.2,2.1892E-06
795.4,2.2041E-06
795.6,2.2191E-06
795.8,2.2342E-06
796,2.2494E-06
796.2,0.000002258
796.4,2.2562E-06
796.6,2.2545E-06
796.8,2.2527E-06
797,0.000002251
797.2,2.2493E-06
797.4,2.2475E-06
797.6,2.2458E-06
797.8,0.000002244
798,2.2423E-06
798.2,2.2239E-06
798.4,2.1902E-06
798.6,0.000002157
798.8,2.1243E-06
799,2.0922E-06
799.2,2.0605E-06
799.4,2.0292E-06
799.6,1.9985E-06
799.8,1.9682E-06
800,1.9384E-06
800.2,0.000001899
800.4,1.8549E-06
800.6,1.8119E-06
800.8,1.7698E-06
801,1.7287E-06
801.2,1.6886E-06
801.4,1.6494E-06
801.6,1.6111E-06
801.8,1.5737E-06
802,1.5372E-06
802.2,1.4887E-06
802.4,0.000001438
802.6,1.3889E-06
802.8,1.3416E-06
803,1.2958E-06
803.2,1.2517E-06
803.4,0.000001209
803.6,1.1678E-06
803.8,1.1279E-06
804,1.0895E-06
804.2,1.0456E-06
804.4,1.0028E-06
804.6,9.6165E-07
804.8,9.2223E-07
805,8.8443E-07
805.2,8.4817E-07
805.4,8.1341E-07
805.6,7.8006E-07
805.8,7.4809E-07
806,7.1742E-07
806.2,6.9124E-07
806.4,6.7182E-07
806.6,6.5294E-07
806.8,6.346E-07
807,6.1677E-07
807.2,5.9944E-07
807.4,5.8259E-07
807.6,5.6623E-07
807.8,5.5032E-07
808,5.3485E-07
808.2,5.2498E-07
808.4,5.2083E-07
808.6,5.1671E-07
808.8,5.1263E-07
809,5.0857E-07
809.2,5.0455E-07
809.4,5.0056E-07
809.6,4.966E-07
809.8,4.9268E-07
810,4.8878E-07
810.2,4.7729E-07
810.4,4.6137E-07
810.6,4.4598E-07
810.8,4.311E-07
811,4.1672E-07
811.2,4.0282E-07
811.4,3.8939E-07
811.6,3.764E-07
811.8,3.6384E-07
812,3.5171E-07
812.2,3.4881E-07
812.4,3.4899E-07
812.6,3.4918E-07
812.8,3.4936E-07
813,3.4954E-07
813.2,3.4972E-07
813.4,3.4991E-07
813.6,3.5009E-07
813.8,3.5027E-07
814,3.5045E-07
814.2,3.3847E-07
814.4,3.2532E-07
814.6,3.1268E-07
814.8,3.0053E-07
815,2.8886E-07
815.2,2.7763E-07
815.4,2.6685E-07
815.6,2.5648E-07
815.8,2.4652E-07
816,2.3694E-07
816.2,2.3242E-07
816.4,2.3657E-07
816.6,2.408E-07
816.8,2.4511E-07
817,2.4949E-07
817.2,2.5395E-07
817.4,2.5848E-07
817.6,2.631E-07
817.8,2.6781E-07
818,2.7259E-07
818.2,2.7733E-07
818.4,0.000000282
818.6,2.8675E-07
818.8,2.9158E-07
819,2.965E-07
819.2,3.0149E-07
819.4,3.0657E-07
819.6,3.1174E-07
819.8,3.1699E-07
820,3.2233E-07
820.2,3.2347E-07
820.4,3.2206E-07
820.6,3.2065E-07
820.8,3.1925E-07
821,3.1786E-07
821.2,3.1647E-07
821.4,3.1509E-07
821.6,3.1372E-07
821.8,3.1235E-07
822,3.1098E-07
822.2,3.1371E-07
822.4,3.1773E-07
822.6,3.218E-07
822.8,3.2593E-07
823,3.3011E-07
823.2,3.3434E-07
823.4,3.3863E-07
823.6,3.4298E-07
823.8,3.4737E-07
824,3.5183E-07
824.2,3.5567E-07
824.4,3.5949E-07
824.6,3.6335E-07
824.8,3.6725E-07
825,3.7119E-07
825.2,3.7517E-07
825.4,3.792E-07
825.6,3.8327E-07
825.8,3.8738E-07
826,3.9154E-07
826.2,3.9701E-07
826.4,4.0528E-07
826.6,4.1373E-07
826.8,4.2236E-07
827,4.3116E-07
827.2,4.4015E-07
827.4,4.4933E-07
827.6,4.5869E-07
827.8,4.6826E-07
828,4.7802E-07
828.2,4.8768E-07
828.4,4.9717E-07
828.6,5.0684E-07
828.8,5.1671E-07
829,5.2676E-07
829.2,5.3701E-07
829.4,5.4746E-07
829.6,5.5811E-07
829.8,5.6897E-07
830,5.8004E-07
830.2,5.855E-07
830.4,5.8719E-07
830.6,5.8889E-07
830.8,5.9059E-07
831,5.923E-07
831.2,5.9401E-07
831.4,5.9573E-07
831.6,5.9745E-07
831.8,5.9918E-07
832,6.0091E-07
832.2,6.1567E-07
832.4,6.353E-07
832.6,6.5556E-07
832.8,6.7646E-07
833,6.9803E-07
833.2,7.2028E-07
833.4,7.4325E-07
833.6,7.6695E-07
833.8,7.914E-07
834,8.1664E-07
834.2,8.4158E-07
834.4,8.6717E-07
834.6,8.9353E-07
834.8,9.2069E-07
835,9.4867E-07
835.2,9.7751E-07
835.4,1.0072E-06
835.6,1.0378E-06
835.8,1.0694E-06
836,1.1019E-06
836.2,1.1366E-06
836.4,1.1752E-06
836.6,1.2151E-06
836.8,1.2564E-06
837,0.000001299
837.2,1.3431E-06
837.4,1.3887E-06
837.6,1.4358E-06
837.8,1.4846E-06
838,0.000001535
838.2,1.5923E-06
838.4,0.000001658
838.6,1.7265E-06
838.8,1.7978E-06
839,0.000001872
839.2,1.9492E-06
839.4,2.0297E-06
839.6,2.1135E-06
839.8,2.2007E-06
840,2.2916E-06
840.2,2.3908E-06
840.4,2.4973E-06
840.6,2.6085E-06
840.8,2.7247E-06
841,2.8461E-06
841.2,2.9729E-06
841.4,3.1053E-06
841.6,3.2436E-06
841.8,3.3881E-06
842,0.000003539
842.2,3.6956E-06
842.4,3.8588E-06
842.6,4.0292E-06
842.8,4.2072E-06
843,0.000004393
843.2,0.000004587
843.4,4.7895E-06
843.6,0.000005001
843.8,5.2219E-06
844,5.4525E-06
844.2,5.5691E-06
844.4,5.6781E-06
844.6,5.7891E-06
844.8,5.9024E-06
845,6.0179E-06
845.2,6.1356E-06
845.4,6.2557E-06
845.6,0.000006378
845.8,6.5028E-06
846,0.00000663
846.2,6.6982E-06
846.4,6.6336E-06
846.6,6.5697E-06
846.8,6.5064E-06
847,6.4438E-06
847.2,6.3817E-06
847.4,6.3202E-06
847.6,6.2593E-06
847.8,0.000006199
848,6.1393E-06
848.2,6.0388E-06
848.4,5.8945E-06
848.6,5.7536E-06
848.8,5.6161E-06
849,5.4819E-06
849.2,5.3509E-06
849.4,0.000005223
849.6,5.0981E-06
849.8,4.9763E-06
850,4.8573E-06
850.2,4.7258E-06
850.4,0.000004589
850.6,4.4562E-06
850.8,4.3272E-06
851,4.2019E-06
851.2,4.0803E-06
851.4,3.9622E-06
851.6,3.8475E-06
851.8,3.7362E-06
852,0.000003628
852.2,3.5545E-06
852.4,0.000003491
852.6,3.4287E-06
852.8,3.3674E-06
853,3.3073E-06
853.2,3.2482E-06
853.4,3.1902E-06
853.6,3.1332E-06
853.8,3.0772E-06
854,3.0223E-06
854.2,2.9745E-06
854.4,2.9279E-06
854.6,2.8819E-06
854.8,2.8367E-06
855,2.7922E-06
855.2,2.7484E-06
855.4,2.7053E-06
855.6,2.6628E-06
855.8,0.000002621
856,2.5799E-06
856.2,0.000002551
856.4,2.5523E-06
856.6,2.5536E-06
856.8,2.5548E-06
857,2.5561E-06
857.2,2.5573E-06
857.4,2.5586E-06
857.6,2.5599E-06
857.8,2.5611E-06
858,2.5624E-06
858.2,2.5768E-06
858.4,2.6082E-06
858.6,0.00000264
858.8,2.6722E-06
859,2.7048E-06
859.2,2.7378E-06
859.4,2.7712E-06
859.6,0.000002805
859.8,2.8392E-06
860,2.8739E-06
860.2,2.9193E-06
860.4,2.9724E-06
860.6,3.0265E-06
860.8,3.0815E-06
861,3.1376E-06
861.2,3.1946E-06
861.4,3.2527E-06
861.6,3.3119E-06
861.8,3.3721E-06
862,3.4334E-06
862.2,0.000003502
862.4,3.5738E-06
862.6,3.6471E-06
862.8,3.7219E-06
863,3.7982E-06
863.2,0.000003876
863.4,3.9555E-06
863.6,4.0366E-06
863.8,4.1194E-06
864,4.2038E-06
864.2,4.3211E-06
864.4,4.4438E-06
864.6,4.5699E-06
864.8,4.6996E-06
865,0.000004833
865.2,4.9701E-06
865.4,5.1112E-06
865.6,5.2563E-06
865.8,5.4054E-06
866,5.5589E-06
866.2,5.7195E-06
866.4,0.000005892
866.6,6.0696E-06
866.8,6.2526E-06
867,6.4412E-06
867.2,6.6354E-06
867.4,6.8354E-06
867.6,7.0415E-06
867.8,7.2538E-06
868,7.4726E-06
868.2,7.6461E-06
868.4,7.7631E-06
868.6,7.8819E-06
868.8,8.0025E-06
869,0.000008125
869.2,8.2494E-06
869.4,8.3756E-06
869.6,8.5038E-06
869.8,0.000008634
870,8.7661E-06
870.2,8.8024E-06
870.4,8.7829E-06
870.6,8.7634E-06
870.8,0.000008744
871,8.7246E-06
871.2,8.7052E-06
871.4,8.6859E-06
871.6,8.6666E-06
871.8,8.6474E-06
872,8.6282E-06
872.2,8.5111E-06
872.4,8.3724E-06
872.6,0.000008236
872.8,8.1018E-06
873,7.9697E-06
873.2,7.8398E-06
873.4,7.7121E-06
873.6,7.5864E-06
873.8,7.4627E-06
874,7.3411E-06
874.2,7.1391E-06
874.4,6.9409E-06
874.6,6.7483E-06
874.8,0.000006561
875,0.000006379
875.2,6.2019E-06
875.4,6.0298E-06
875.6,5.8625E-06
875.8,5.6998E-06
876,5.5416E-06
876.2,5.4102E-06
876.4,5.3445E-06
876.6,5.2796E-06
876.8,5.2155E-06
877,5.1521E-06
877.2,5.0896E-06
877.4,5.0277E-06
877.6,4.9667E-06
877.8,4.9064E-06
878,4.8468E-06
878.2,0.00000479
878.4,4.7367E-06
878.6,4.6839E-06
878.8,4.6317E-06
879,4.5801E-06
879.2,4.5291E-06
879.4,4.4786E-06
879.6,4.4287E-06
879.8,4.3794E-06
880,4.3306E-06
880.2,4.3102E-06
880.4,4.3076E-06
880.6,0.000004305
880.8,4.3024E-06
881,4.2998E-06
881.2,4.2972E-06
881.4,4.2946E-06
881.6,0.000004292
881.8,4.2894E-06
882,4.2868E-06
882.2,4.2819E-06
882.4,4.2764E-06
882.6,4.2709E-06
882.8,4.2654E-06
883,0.00000426
883.2,4.2545E-06
883.4,0.000004249
883.6,4.2436E-06
883.8,4.2381E-06
884,4.2327E-06
884.2,4.2488E-06
884.4,4.2655E-06
884.6,4.2823E-06
884.8,4.2992E-06
885,4.3161E-06
885.2,4.3331E-06
885.4,4.3502E-06
885.6,4.3673E-06
885.8,4.3845E-06
886,4.4018E-06
886.2,4.4383E-06
886.4,4.5264E-06
886.6,4.6162E-06
886.8,4.7078E-06
887,4.8013E-06
887.2,4.8965E-06
887.4,4.9937E-06
887.6,5.0928E-06
887.8,5.1939E-06
888,0.000005297
888.2,5.3975E-06
888.4,5.4943E-06
888.6,5.5928E-06
888.8,5.6931E-06
889,5.7952E-06
889.2,5.8991E-06
889.4,6.0048E-06
889.6,6.1125E-06
889.8,6.2221E-06
890,6.3336E-06
890.2,6.4524E-06
890.4,6.5764E-06
890.6,6.7028E-06
890.8,6.8316E-06
891,6.9628E-06
891.2,7.0966E-06
891.4,0.000007233
891.6,0.000007372
891.8,7.5136E-06
892,0.000007658
892.2,7.7496E-06
892.4,7.8304E-06
892.6,7.9121E-06
892.8,7.9947E-06
893,8.0781E-06
893.2,8.1624E-06
893.4,8.2475E-06
893.6,8.3335E-06
893.8,8.4205E-06
894,8.5066E-06
894.2,8.4802E-06
894.4,8.4539E-06
894.6,8.4277E-06
894.8,8.4016E-06
895,8.3755E-06
895.2,8.3495E-06
895.4,8.3236E-06
895.6,8.2978E-06
895.8,8.2721E-06
896,8.2464E-06
896.2,8.2196E-06
896.4,8.1887E-06
896.6,0.000008158
896.8,8.1273E-06
897,8.0968E-06
897.2,8.0663E-06
897.4,0.000008036
897.6,8.0058E-06
897.8,7.9757E-06
898,7.9457E-06
898.2,7.8706E-06
898.4,7.7322E-06
898.6,7.5962E-06
898.8,7.4626E-06
899,7.3314E-06
899.2,7.2025E-06
899.4,7.0758E-06
899.6,6.9514E-06
899.8,6.8291E-06
900,0.000006709
900.2,0.000006592
900.4,6.4777E-06
900.6,6.3654E-06
900.8,0.000006255
901,6.1465E-06
901.2,0.00000604
901.4,5.9352E-06
901.6,5.8323E-06
901.8,5.7312E-06
902,5.6318E-06
902.2,5.5416E-06
902.4,5.4547E-06
902.6,5.3693E-06
902.8,5.2852E-06
903,5.2024E-06
903.2,5.1209E-06
903.4,5.0406E-06
903.6,4.9617E-06
903.8,4.8839E-06
904,4.8074E-06
904.2,4.7126E-06
904.4,4.6195E-06
904.6,4.5282E-06
904.8,4.4388E-06
905,4.3511E-06
905.2,4.2651E-06
905.4,4.1808E-06
905.6,4.0982E-06
905.8,4.0172E-06
906,3.9378E-06
906.2,3.8752E-06
906.4,3.8637E-06
906.6,3.8524E-06
906.8,0.000003841
907,3.8297E-06
907.2,3.8184E-06
907.4,3.8071E-06
907.6,3.7959E-06
907.8,3.7847E-06
908,3.7735E-06
908.2,3.7518E-06
908.4,3.7156E-06
908.6,3.6797E-06
908.8,3.6442E-06
909,3.6091E-06
909.2,3.5742E-06
909.4,3.5398E-06
909.6,3.5056E-06
909.8,3.4718E-06
910,3.4383E-06
910.2,3.4162E-06
910.4,3.4009E-06
910.6,3.3857E-06
910.8,3.3706E-06
911,3.3556E-06
911.2,3.3406E-06
911.4,3.3257E-06
911.6,3.3109E-06
911.8,3.2961E-06
912,3.2814E-06
912.2,0.000003285
912.4,3.2926E-06
912.6,3.3002E-06
912.8,3.3078E-06
913,3.3154E-06
913.2,3.3231E-06
913.4,3.3308E-06
913.6,3.3385E-06
913.8,3.3462E-06
914,3.3535E-06
914.2,3.3423E-06
914.4,3.3312E-06
914.6,3.3201E-06
914.8,0.000003309
915,0.000003298
915.2,0.000003287
915.4,0.000003276
915.6,3.2651E-06
915.8,3.2542E-06
916,3.2433E-06
916.2,0.000003242
916.4,0.000003279
916.6,3.3165E-06
916.8,3.3543E-06
917,3.3926E-06
917.2,3.4313E-06
917.4,3.4705E-06
917.6,3.5101E-06
917.8,3.5502E-06
918,3.5907E-06
918.2,3.6235E-06
918.4,3.6443E-06
918.6,3.6651E-06
918.8,3.6861E-06
919,3.7072E-06
919.2,3.7284E-06
919.4,3.7498E-06
919.6,3.7713E-06
919.8,3.7929E-06
920,3.8146E-06
920.2,3.8405E-06
920.4,3.8693E-06
920.6,3.8984E-06
920.8,3.9276E-06
921,3.9571E-06
921.2,3.9868E-06
921.4,4.0167E-06
921.6,4.0469E-06
921.8,4.0772E-06
922,4.1078E-06
922.2,4.1491E-06
922.4,4.1932E-06
922.6,4.2378E-06
922.8,4.2828E-06
923,4.3284E-06
923.2,4.3744E-06
923.4,4.4209E-06
923.6,4.4679E-06
923.8,4.5154E-06
924,4.5625E-06
924.2,4.5625E-06
924.4,4.5626E-06
924.6,4.5626E-06
924.8,4.5627E-06
925,4.5627E-06
925.2,4.5628E-06
925.4,4.5628E-06
925.6,4.5629E-06
925.8,4.5629E-06
926,0.000004563
926.2,4.5822E-06
926.4,4.6684E-06
926.6,4.7563E-06
926.8,4.8458E-06
927,4.9369E-06
927.2,5.0299E-06
927.4,5.1245E-06
927.6,5.2209E-06
927.8,5.3192E-06
928,5.4193E-06
928.2,5.5082E-06
928.4,5.5809E-06
928.6,5.6546E-06
928.8,5.7292E-06
929,5.8049E-06
929.2,5.8815E-06
929.4,5.9592E-06
929.6,6.0379E-06
929.8,6.1176E-06
930,6.1984E-06
930.2,6.2651E-06
930.4,6.3241E-06
930.6,6.3835E-06
930.8,6.4436E-06
931,6.5042E-06
931.2,6.5653E-06
931.4,6.6271E-06
931.6,6.6894E-06
931.8,6.7523E-06
932,6.8158E-06
932.2,6.8851E-06
932.4,0.000006956
932.6,7.0276E-06
932.8,7.0999E-06
933,0.000007173
933.2,7.2468E-06
933.4,7.3214E-06
933.6,7.3967E-06
933.8,7.4729E-06
934,7.5481E-06
934.2,7.6009E-06
934.4,7.6541E-06
934.6,7.7077E-06
934.8,7.7616E-06
935,7.8159E-06
935.2,7.8706E-06
935.4,7.9257E-06
935.6,7.9812E-06
935.8,0.000008037
936,8.0933E-06
936.2,0.000008175
936.4,8.3698E-06
936.6,8.5693E-06
936.8,8.7735E-06
937,8.9826E-06
937.2,9.1967E-06
937.4,9.4158E-06
937.6,9.6403E-06
937.8,0.00000987
938,0.000010105
938.2,0.000010309
938.4,0.000010461
938.6,0.000010615
938.8,0.000010771
939,0.000010929
939.2,0.00001109
939.4,0.000011253
939.6,0.000011419
939.8,0.000011587
940,0.000011757
940.2,0.000011955
940.4,0.000012172
940.6,0.000012392
940.8,0.000012617
941,0.000012846
941.2,0.000013078
941.4,0.000013316
941.6,0.000013557
941.8,0.000013803
942,0.000014053
942.2,0.000014341
942.4,0.000014642
942.6,0.000014949
942.8,0.000015263
943,0.000015583
943.2,0.00001591
943.4,0.000016244
943.6,0.000016585
943.8,0.000016933
944,0.000017125
944.2,0.000014927
944.4,0.000013011
944.6,0.000011341
944.8,9.8855E-06
945,8.6167E-06
945.2,7.7112E-06
945.4,9.1635E-06
945.6,0.000010889
945.8,0.00001294
946,0.000015377
946.2,0.000018273
946.4,0.000021714
946.6,0.000023827
946.8,0.00002459
947,0.000025377
947.2,0.000026189
947.4,0.000027027
947.6,0.000027893
947.8,0.000028787
948,0.000029754
948.2,0.000030753
948.4,0.000031785
948.6,0.000032852
948.8,0.000033955
949,0.000035095
949.2,0.000036373
949.4,0.00003779
949.6,0.000039262
949.8,0.000040791
950,0.00004238
950.2,0.000044031
950.4,0.000045749
950.6,0.000047854
950.8,0.000050054
951,0.000052357
951.2,0.000054765
951.4,0.000057284
951.6,0.000059918
951.8,0.000062818
952,0.000066013
952.2,0.000069371
952.4,0.000072899
952.6,0.000076607
952.8,0.000080503
953,0.000084597
953.2,0.000089007
953.4,0.000093649
953.6,0.000098533
953.8,0.00010367
954,0.00010908
954.2,0.00011477
954.4,0.00012103
954.6,0.00012797
954.8,0.00013531
955,0.00014307
955.2,0.0001369
955.4,0.00013099
955.6,0.0001255
955.8,0.00013725
956,0.00015009
956.2,0.00016414
956.4,0.0001795
956.6,0.0001963
956.8,0.00021018
957,0.00021471
957.2,0.00021934
957.4,0.00022407
957.6,0.00022891
957.8,0.00023384
958,0.00023455
958.2,0.00023251
958.4,0.00023049
958.6,0.00022849
958.8,0.00022651
959,0.00022454
959.2,0.00021809
959.4,0.00021138
959.6,0.00020489
959.8,0.00019859
960,0.00019249
960.2,0.00018607
960.4,0.00017804
960.6,0.00017036
960.8,0.00016301
961,0.00015598
961.2,0.00014925
961.4,0.00014259
961.6,0.00013603
961.8,0.00012976
962,0.00012379
962.2,0.00011809
962.4,0.00011265
962.6,0.00010792
962.8,0.00010349
963,0.000099239
963.2,0.000095163
963.4,0.000091254
963.6,0.000087521
963.8,0.00008405
964,0.000080716
964.2,0.000077515
964.4,0.000074441
964.6,0.000071488
964.8,0.000068914
965,0.000066768
965.2,0.000064737
965.4,0.000062768
965.6,0.000060858
965.8,0.000059007
966,0.000057212
966.2,0.000055472
966.4,0.000053784
966.6,0.000052148
966.8,0.000050948
967,0.000049813
967.2,0.000048704
967.4,0.000047619
967.6,0.000046558
967.8,0.000045521
968,0.000044507
968.2,0.000043516
968.4,0.000042546
968.6,0.000041742
968.8,0.000041068
969,0.000040405
969.2,0.000039753
969.4,0.000039111
969.6,0.00003848
969.8,0.000037859
970,0.000037248
970.2,0.000036647
970.4,0.000036089
970.6,0.000035678
970.8,0.000035272
971,0.000034871
971.2,0.000034474
971.4,0.000034082
971.6,0.000033694
971.8,0.000033311
972,0.000032931
972.2,0.000032557
972.4,0.000032382
972.6,0.000032243
972.8,0.000032105
973,0.000031968
973.2,0.000031831
973.4,0.000031695
973.6,0.00003156
973.8,0.000031425
974,0.000031291
974.2,0.000031124
974.4,0.000030926
974.6,0.000030729
974.8,0.000030533
975,0.000030339
975.2,0.000030145
975.4,0.000029953
975.6,0.000029763
975.8,0.000029573
976,0.000029385
976.2,0.000029273
976.4,0.00002961
976.6,0.000029951
976.8,0.000030296
977,0.000030645
977.2,0.000030997
977.4,0.000031354
977.6,0.000031715
977.8,0.00003208
978,0.00003245
978.2,0.000032796
978.4,0.000033102
978.6,0.000033411
978.8,0.000033723
979,0.000034038
979.2,0.000034356
979.4,0.000034676
979.6,0.000035
979.8,0.000035327
980,0.000035656
980.2,0.000036116
980.4,0.000036658
980.6,0.000037208
980.8,0.000037766
981,0.000038332
981.2,0.000038907
981.4,0.000039491
981.6,0.000040083
981.8,0.000040685
982,0.000041295
982.2,0.000042039
982.4,0.000042816
982.6,0.000043607
982.8,0.000044412
983,0.000045232
983.2,0.000046067
983.4,0.000046918
983.6,0.000047785
983.8,0.000048667
984,0.00004943
984.2,0.000049247
984.4,0.000049065
984.6,0.000048883
984.8,0.000048702
985,0.000048522
985.2,0.000048343
985.4,0.000048164
985.6,0.000048651
985.8,0.000052439
986,0.000056521
986.2,0.000060922
986.4,0.000065665
986.6,0.000068536
986.8,0.000070576
987,0.000072677
987.2,0.00007484
987.4,0.000077151
987.6,0.000079814
987.8,0.000082568
988,0.000085417
988.2,0.000088365
988.4,0.000091705
988.6,0.000095262
988.8,0.000098956
989,0.00010279
989.2,0.00010669
989.4,0.00011054
989.6,0.00011451
989.8,0.00011864
990,0.00012291
990.2,0.00012807
990.4,0.00013361
990.6,0.00013939
990.8,0.00014542
991,0.00015203
991.2,0.00015952
991.4,0.00016737
991.6,0.00017562
991.8,0.00018427
992,0.00019359
992.2,0.00020342
992.4,0.00021374
992.6,0.00022459
992.8,0.00023651
993,0.00024978
993.2,0.0002638
993.4,0.0002786
993.6,0.00029424
993.8,0.00031208
994,0.00033106
994.2,0.0003512
994.4,0.00037255
994.6,0.00039743
994.8,0.00042634
995,0.00045735
995.2,0.00048574
995.4,0.0005159
995.6,0.00054793
995.8,0.00058587
996,0.00062975
996.2,0.00067783
996.4,0.00072914
996.6,0.00078319
996.8,0.00084498
997,0.00091337
997.2,0.00098551
997.4,0.00106
997.6,0.00115
997.8,0.00124
998,0.00135
998.2,0.00145
998.4,0.00157
998.6,0.00169
998.8,0.00182
999,0.00195
999.2,0.00209
999.4,0.00223
999.6,0.00237
999.8,0.00251
1000,0.00264
1000.2,0.00275
1000.4,0.00284
1000.6,0.00293
1000.8,0.00299
1001,0.00303
1001.2,0.00304
1001.4,0.00305
1001.6,0.00303
1001.8,0.00299
1002,0.00292
1002.2,0.00286
1002.4,0.00278
1002.6,0.00269
1002.8,0.0026
1003,0.0025
1003.2,0.00241
1003.4,0.00232
1003.6,0.00223
1003.8,0.00215
1004,0.00206
1004.2,0.00198
1004.4,0.00191
1004.6,0.00184
1004.8,0.00178
1005,0.00171
1005.2,0.00161
1005.4,0.00158
1005.6,0.00151
1005.8,0.00147
1006,0.00143
1006.2,0.00139
1006.4,0.00137
1006.6,0.00133
1006.8,0.00128
1007,0.00126
1007.2,0.00124
1007.4,0.00121
1007.6,0.0012
1007.8,0.00117
1008,0.00116
1008.2,0.00114
1008.4,0.00112
1008.6,0.0011
1008.8,0.00109
1009,0.00107
1009.2,0.00107
1009.4,0.00106
1009.6,0.00106
1009.8,0.00106
1010,0.00104
1010.2,0.00103
1010.4,0.00104
1010.6,0.00103
1010.8,0.00103
1011,0.00102
1011.2,0.00102
1011.4,0.00103
1011.6,0.00104
1011.8,0.00103
1012,0.00104
1012.2,0.00104
1012.4,0.00105
1012.6,0.00105
1012.8,0.00104
1013,0.00105
1013.2,0.00108
1013.4,0.00109
1013.6,0.0011
1013.8,0.00112
1014,0.00113
1014.2,0.00114
1014.4,0.00115
1014.6,0.00117
1014.8,0.00118
1015,0.00119
1015.2,0.00122
1015.4,0.00124
1015.6,0.00128
1015.8,0.00129
1016,0.00132
1016.2,0.00135
1016.4,0.00136
1016.6,0.00139
1016.8,0.00143
1017,0.00146
1017.2,0.00152
1017.4,0.00152
1017.6,0.00156
1017.8,0.0016
1018,0.00165
1018.2,0.00171
1018.4,0.00173
1018.6,0.00179
1018.8,0.00186
1019,0.0019
1019.2,0.00195
1019.4,0.00202
1019.6,0.00206
1019.8,0.00212
1020,0.00223
1020.2,0.0023
1020.4,0.00238
1020.6,0.00245
1020.8,0.00257
1021,0.00267
1021.2,0.00274
1021.4,0.00286
1021.6,0.00296
1021.8,0.00309
1022,0.0032
1022.2,0.00332
1022.4,0.0035
1022.6,0.00363
1022.8,0.00376
1023,0.00395
1023.2,0.00413
1023.4,0.00431
1023.6,0.00452
1023.8,0.00471
1024,0.00494
1024.2,0.00515
1024.4,0.00546
1024.6,0.00572
1024.8,0.00596
1025,0.00619
1025.2,0.00644
1025.4,0.00674
1025.6,0.0071
1025.8,0.00745
1026,0.00778
1026.2,0.0082
1026.4,0.00866
1026.6,0.00905
1026.8,0.00952
1027,0.01
1027.2,0.01051
1027.4,0.01105
1027.6,0.01172
1027.8,0.01232
1028,0.01295
1028.2,0.01346
1028.4,0.01422
1028.6,0.01498
1028.8,0.01564
1029,0.01642
1029.2,0.01723
1029.4,0.01788
1029.6,0.01868
1029.8,0.01953
1030,0.02034
1030.2,0.02128
1030.4,0.02214
1030.6,0.02296
1030.8,0.02374
1031,0.02466
1031.2,0.02553
1031.4,0.02642
1031.6,0.02727
1031.8,0.02816
1032,0.02893
1032.2,0.02979
1032.4,0.03068
1032.6,0.03146
1032.8,0.0321
1033,0.03303
1033.2,0.03382
1033.4,0.03445
1033.6,0.03553
1033.8,0.03622
1034,0.03709
1034.2,0.03787
1034.4,0.03876
1034.6,0.0395
1034.8,0.04055
1035,0.04154
1035.2,0.04255
1035.4,0.04334
1035.6,0.04467
1035.8,0.0454
1036,0.04666
1036.2,0.0482
1036.4,0.0495
1036.6,0.05078
1036.8,0.05225
1037,0.05377
1037.2,0.05542
1037.4,0.05753
1037.6,0.05947
1037.8,0.06168
1038,0.06394
1038.2,0.06651
1038.4,0.06919
1038.6,0.07225
1038.8,0.0756
1039,0.07915
1039.2,0.08289
1039.4,0.08742
1039.6,0.09131
1039.8,0.09625
1040,0.10146
1040.2,0.10705
1040.4,0.1132
1040.6,0.1199
1040.8,0.12661
1041,0.13374
1041.2,0.14084
1041.4,0.1492
1041.6,0.15698
1041.8,0.16506
1042,0.17315
1042.2,0.17967
1042.4,0.18618
1042.6,0.19183
1042.8,0.19545
1043,0.19844
1043.2,0.19949
1043.4,0.19776
1043.6,0.19466
1043.8,0.18989
1044,0.18352
1044.2,0.17545
1044.4,0.1669
1044.6,0.15764
1044.8,0.14808
1045,0.13791
1045.2,0.12848
1045.4,0.11994
1045.6,0.11072
1045.8,0.10246
1046,0.09495
1046.2,0.08786
1046.4,0.08148
1046.6,0.0758
1046.8,0.07059
1047,0.06545
1047.2,0.06114
1047.4,0.05688
1047.6,0.05314
1047.8,0.04966
1048,0.0464
1048.2,0.0437
1048.4,0.04125
1048.6,0.03866
1048.8,0.03643
1049,0.03438
1049.2,0.03246
1049.4,0.03084
1049.6,0.02925
1049.8,0.02774
1050,0.02658
1050.2,0.02551
1050.4,0.0241
1050.6,0.02318
1050.8,0.02214
1051,0.02115
1051.2,0.02039
1051.4,0.01955
1051.6,0.01881
1051.8,0.01811
1052,0.01749
1052.2,0.01698
1052.4,0.01627
1052.6,0.01575
1052.8,0.01528
1053,0.01492
1053.2,0.01445
1053.4,0.0141
1053.6,0.0137
1053.8,0.01331
1054,0.01294
1054.2,0.01263
1054.4,0.01231
1054.6,0.01206
1054.8,0.01182
1055,0.01158
1055.2,0.01132
1055.4,0.01118
1055.6,0.01104
1055.8,0.01076
1056,0.01057
1056.2,0.01045
1056.4,0.01022
1056.6,0.01012
1056.8,0.01001
1057,0.00984
1057.2,0.00979
1057.4,0.0096
1057.6,0.00962
1057.8,0.00949
1058,0.00944
1058.2,0.00924
1058.4,0.00922
1058.6,0.00915
1058.8,0.00911
1059,0.00912
1059.2,0.0091
1059.4,0.00906
1059.6,0.00901
1059.8,0.00901
1060,0.0089
1060.2,0.00907
1060.4,0.0089
1060.6,0.00901
1060.8,0.00904
1061,0.00899
1061.2,0.00902
1061.4,0.00903
1061.6,0.00915
1061.8,0.00908
1062,0.00913
1062.2,0.00917
1062.4,0.00923
1062.6,0.00927
1062.8,0.00945
1063,0.00953
1063.2,0.00957
1063.4,0.00975
1063.6,0.00971
1063.8,0.0099
1064,0.00999
1064.2,0.01004
1064.4,0.01034
1064.6,0.01035
1064.8,0.01051
1065,0.0106
1065.2,0.01051
1065.4,0.01071
1065.6,0.01096
1065.8,0.01129
1066,0.0114
1066.2,0.01172
1066.4,0.012
1066.6,0.01211
1066.8,0.01242
1067,0.01268
1067.2,0.01308
1067.4,0.01335
1067.6,0.01368
1067.8,0.01404
1068,0.01451
1068.2,0.01502
1068.4,0.01542
1068.6,0.01606
1068.8,0.01649
1069,0.01687
1069.2,0.01755
1069.4,0.01789
1069.6,0.01869
1069.8,0.01957
1070,0.02002
1070.2,0.02088
1070.4,0.02163
1070.6,0.02256
1070.8,0.02373
1071,0.02469
1071.2,0.02617
1071.4,0.02727
1071.6,0.02869
1071.8,0.02983
1072,0.03123
1072.2,0.03292
1072.4,0.03473
1072.6,0.03657
1072.8,0.03902
1073,0.04096
1073.2,0.04392
1073.4,0.04643
1073.6,0.04936
1073.8,0.05252
1074,0.05587
1074.2,0.06028
1074.4,0.0642
1074.6,0.06914
1074.8,0.07452
1075,0.08
1075.2,0.08693
1075.4,0.09367
1075.6,0.10166
1075.8,0.1109
1076,0.12073
1076.2,0.13197
1076.4,0.14425
1076.6,0.1579
1076.8,0.17237
1077,0.18912
1077.2,0.2069
1077.4,0.226
1077.6,0.24689
1077.8,0.26991
1078,0.29193
1078.2,0.31657
1078.4,0.33883
1078.6,0.36053
1078.8,0.37707
1079,0.39168
1079.2,0.40109
1079.4,0.4037
1079.6,0.40235
1079.8,0.39524
1080,0.38258
1080.2,0.36724
1080.4,0.34929
1080.6,0.33038
1080.8,0.3102
1081,0.28981
1081.2,0.27022
1081.4,0.25181
1081.6,0.23361
1081.8,0.21715
1082,0.20232
1082.2,0.18909
1082.4,0.17689
1082.6,0.16514
1082.8,0.15454
1083,0.14561
1083.2,0.13681
1083.4,0.12885
1083.6,0.1219
1083.8,0.11524
1084,0.10891
1084.2,0.10336
1084.4,0.09872
1084.6,0.09416
1084.8,0.09014
1085,0.08586
1085.2,0.08278
1085.4,0.07922
1085.6,0.07595
1085.8,0.07368
1086,0.07105
1086.2,0.06864
1086.4,0.06675
1086.6,0.06416
1086.8,0.06243
1087,0.06088
1087.2,0.05876
1087.4,0.05756
1087.6,0.05609
1087.8,0.05513
1088,0.05391
1088.2,0.05253
1088.4,0.05141
1088.6,0.05058
1088.8,0.05017
1089,0.04919
1089.2,0.04858
1089.4,0.04793
1089.6,0.04697
1089.8,0.04676
1090,0.04491
1090.2,0.04318
1090.4,0.04292
1090.6,0.04305
1090.8,0.04235
1091,0.04247
1091.2,0.042
1091.4,0.04207
1091.6,0.04178
1091.8,0.04177
1092,0.04131
1092.2,0.04149
1092.4,0.04161
1092.6,0.04166
1092.8,0.04178
1093,0.04192
1093.2,0.04197
1093.4,0.04164
1093.6,0.04252
1093.8,0.04246
1094,0.04263
1094.2,0.04315
1094.4,0.04345
1094.6,0.04381
1094.8,0.044
1095,0.04452
1095.2,0.04493
1095.4,0.04571
1095.6,0.04618
1095.8,0.0468
1096,0.0473
1096.2,0.0479
1096.4,0.04892
1096.6,0.04998
1096.8,0.0509
1097,0.05173
1097.2,0.05236
1097.4,0.05332
1097.6,0.05459
1097.8,0.05587
1098,0.05696
1098.2,0.05828
1098.4,0.0594
1098.6,0.06142
1098.8,0.06209
1099,0.06422
1099.2,0.06596
1099.4,0.06743
1099.6,0.06899
1099.8,0.07111
1100,0.07347
1100.2,0.07513
1100.4,0.07769
1100.6,0.07976
1100.8,0.08184
1101,0.08477
1101.2,0.08749
1101.4,0.09055
1101.6,0.09384
1101.8,0.09649
1102,0.10003
1102.2,0.10381
1102.4,0.10732
1102.6,0.11197
1102.8,0.1152
1103,0.1205
1103.2,0.1248
1103.4,0.12983
1103.6,0.13453
1103.8,0.14143
1104,0.14562
1104.2,0.15235
1104.4,0.1582
1104.6,0.16533
1104.8,0.17135
1105,0.17804
1105.2,0.1875
1105.4,0.19396
1105.6,0.20122
1105.8,0.20855
1106,0.21772
1106.2,0.22406
1106.4,0.23515
1106.6,0.24189
1106.8,0.25175
1107,0.25912
1107.2,0.26776
1107.4,0.2747
1107.6,0.28432
1107.8,0.29097
1108,0.29869
1108.2,0.30632
1108.4,0.31145
1108.6,0.31849
1108.8,0.32156
1109,0.32695
1109.2,0.33006
1109.4,0.33552
1109.6,0.33614
1109.8,0.33847
1110,0.33949
1110.2,0.33906
1110.4,0.33913
1110.6,0.33808
1110.8,0.33513
1111,0.33312
1111.2,0.33114
1111.4,0.32715
1111.6,0.32505
1111.8,0.32079
1112,0.31713
1112.2,0.3123
1112.4,0.3083
1112.6,0.30514
1112.8,0.30043
1113,0.29438
1113.2,0.29147
1113.4,0.28688
1113.6,0.2828
1113.8,0.27916
1114,0.27356
1114.2,0.27081
1114.4,0.26663
1114.6,0.26261
1114.8,0.25893
1115,0.25522
1115.2,0.25286
1115.4,0.24948
1115.6,0.24808
1115.8,0.24384
1116,0.24355
1116.2,0.24103
1116.4,0.23852
1116.6,0.23458
1116.8,0.23569
1117,0.23162
1117.2,0.23243
1117.4,0.23032
1117.6,0.23003
1117.8,0.23011
1118,0.23152
1118.2,0.22761
1118.4,0.22934
1118.6,0.22856
1118.8,0.23034
1119,0.23126
1119.2,0.23087
1119.4,0.23347
1119.6,0.23633
1119.8,0.23529
1120,0.24078
1120.2,0.23936
1120.4,0.2421
1120.6,0.24394
1120.8,0.2473
1121,0.24276
1121.2,0.24666
1121.4,0.25062
1121.6,0.25464
1121.8,0.25873
1122,0.26291
1122.2,0.26827
1122.4,0.27373
1122.6,0.27931
1122.8,0.285
1123,0.29085
1123.2,0.2979
1123.4,0.30511
1123.6,0.3125
1123.8,0.32007
1124,0.32784
1124.2,0.33722
1124.4,0.34687
1124.6,0.3568
1124.8,0.36701
1125,0.37753
1125.2,0.389
1125.4,0.40082
1125.6,0.41301
1125.8,0.42556
1126,0.43851
1126.2,0.45229
1126.4,0.4665
1126.6,0.48115
1126.8,0.49627
1127,0.51182
1127.2,0.52452
1127.4,0.53754
1127.6,0.55088
1127.8,0.56455
1128,0.57835
1128.2,0.58551
1128.4,0.59275
1128.6,0.60008
1128.8,0.60751
1129,0.61445
1129.2,0.61066
1129.4,0.60689
1129.6,0.60314
1129.8,0.59942
1130,0.59549
1130.2,0.58035
1130.4,0.5656
1130.6,0.55123
1130.8,0.53722
1131,0.52331
1131.2,0.5031
1131.4,0.48368
1131.6,0.465
1131.8,0.44704
1132,0.42975
1132.2,0.41002
1132.4,0.3912
1132.6,0.37325
1132.8,0.35612
1133,0.33973
1133.2,0.32286
1133.4,0.30683
1133.6,0.2916
1133.8,0.27712
1134,0.26337
1134.2,0.25055
1134.4,0.23836
1134.6,0.22676
1134.8,0.21572
1135,0.20522
1135.2,0.19543
1135.4,0.18611
1135.6,0.17723
1135.8,0.16878
1136,0.16079
1136.2,0.15464
1136.4,0.14873
1136.6,0.14305
1136.8,0.13758
1137,0.13233
1137.2,0.12756
1137.4,0.12297
1137.6,0.11854
1137.8,0.11427
1138,0.11017
1138.2,0.1064
1138.4,0.10277
1138.6,0.09925
1138.8,0.09586
1139,0.09259
1139.2,0.08964
1139.4,0.08679
1139.6,0.08402
1139.8,0.08135
1140,0.07876
1140.2,0.07655
1140.4,0.0744
1140.6,0.07231
1140.8,0.07028
1141,0.06832
1141.2,0.06678
1141.4,0.06528
1141.6,0.06381
1141.8,0.06237
1142,0.06097
1142.2,0.05974
1142.4,0.05854
1142.6,0.05735
1142.8,0.0562
1143,0.05506
1143.2,0.05375
1143.4,0.05248
1143.6,0.05124
1143.8,0.05003
1144,0.04885
1144.2,0.04829
1144.4,0.04774
1144.6,0.0472
1144.8,0.04667
1145,0.04614
1145.2,0.04561
1145.4,0.04509
1145.6,0.04458
1145.8,0.04407
1146,0.04357
1146.2,0.04299
1146.4,0.04243
1146.6,0.04187
1146.8,0.04132
1147,0.04077
1147.2,0.04036
1147.4,0.03995
1147.6,0.03955
1147.8,0.03915
1148,0.03876
1148.2,0.0386
1148.4,0.03845
1148.6,0.03829
1148.8,0.03814
1149,0.03799
1149.2,0.03781
1149.4,0.03763
1149.6,0.03746
1149.8,0.03728
1150,0.03711
1150.2,0.03694
1150.4,0.03678
1150.6,0.03661
1150.8,0.03645
1151,0.0363
1151.2,0.03638
1151.4,0.03646
1151.6,0.03654
1151.8,0.03662
1152,0.0367
1152.2,0.03673
1152.4,0.03675
1152.6,0.03678
1152.8,0.0368
1153,0.03683
1153.2,0.0369
1153.4,0.03697
1153.6,0.03703
1153.8,0.0371
1154,0.03718
1154.2,0.03748
1154.4,0.03779
1154.6,0.0381
1154.8,0.03841
1155,0.03873
1155.2,0.03898
1155.4,0.03923
1155.6,0.03949
1155.8,0.03974
1156,0.04
1156.2,0.04025
1156.4,0.0405
1156.6,0.04076
1156.8,0.04101
1157,0.04128
1157.2,0.04192
1157.4,0.04257
1157.6,0.04323
1157.8,0.0439
1158,0.04458
1158.2,0.04508
1158.4,0.04559
1158.6,0.0461
1158.8,0.04662
1159,0.04715
1159.2,0.04792
1159.4,0.0487
1159.6,0.04949
1159.8,0.0503
1160,0.05112
1160.2,0.05206
1160.4,0.05301
1160.6,0.05398
1160.8,0.05498
1161,0.05598
1161.2,0.05692
1161.4,0.05788
1161.6,0.05886
1161.8,0.05985
1162,0.06087
1162.2,0.06231
1162.4,0.06379
1162.6,0.06529
1162.8,0.06684
1163,0.06842
1163.2,0.06981
1163.4,0.07123
1163.6,0.07268
1163.8,0.07416
1164,0.07568
1164.2,0.07789
1164.4,0.08015
1164.6,0.08249
1164.8,0.08489
1165,0.08736
1165.2,0.08968
1165.4,0.09206
1165.6,0.09451
1165.8,0.09702
1166,0.09961
1166.2,0.1028
1166.4,0.1061
1166.6,0.1095
1166.8,0.11301
1167,0.11663
1167.2,0.12037
1167.4,0.12423
1167.6,0.12821
1167.8,0.13231
1168,0.13658
1168.2,0.14163
1168.4,0.14686
1168.6,0.15228
1168.8,0.15791
1169,0.16374
1169.2,0.17005
1169.4,0.17661
1169.6,0.18341
1169.8,0.19048
1170,0.19782
1170.2,0.20589
1170.4,0.21427
1170.6,0.22301
1170.8,0.23209
1171,0.24156
1171.2,0.25192
1171.4,0.26273
1171.6,0.274
1171.8,0.28576
1172,0.29803
1172.2,0.31132
1172.4,0.32521
1172.6,0.33972
1172.8,0.35488
1173,0.37071
1173.2,0.38737
1173.4,0.40478
1173.6,0.42298
1173.8,0.44199
1174,0.46185
1174.2,0.48192
1174.4,0.50286
1174.6,0.52471
1174.8,0.54751
1175,0.57119
1175.2,0.5935
1175.4,0.61669
1175.6,0.64077
1175.8,0.66581
1176,0.69164
1176.2,0.71414
1176.4,0.73737
1176.6,0.76135
1176.8,0.78611
1177,0.81137
1177.2,0.82963
1177.4,0.84831
1177.6,0.86741
1177.8,0.88694
1178,0.9065
1178.2,0.91666
1178.4,0.92693
1178.6,0.93732
1178.8,0.94783
1179,0.95811
1179.2,0.95899
1179.4,0.95987
1179.6,0.96075
1179.8,0.96163
1180,0.96224
1180.2,0.95527
1180.4,0.94835
1180.6,0.94148
1180.8,0.93465
1181,0.92775
1181.2,0.91566
1181.4,0.90373
1181.6,0.89196
1181.8,0.88034
1182,0.86885
1182.2,0.85618
1182.4,0.8437
1182.6,0.8314
1182.8,0.81928
1183,0.8073
1183.2,0.79486
1183.4,0.78262
1183.6,0.77056
1183.8,0.75869
1184,0.74702
1184.2,0.73611
1184.4,0.72536
1184.6,0.71476
1184.8,0.70432
1185,0.6941
1185.2,0.68644
1185.4,0.67887
1185.6,0.67138
1185.8,0.66397
1186,0.65665
1186.2,0.64929
1186.4,0.64201
1186.6,0.63481
1186.8,0.62769
1187,0.62078
1187.2,0.61661
1187.4,0.61246
1187.6,0.60834
1187.8,0.60425
1188,0.60024
1188.2,0.59764
1188.4,0.59506
1188.6,0.59248
1188.8,0.58992
1189,0.58737
1189.2,0.5849
1189.4,0.58243
1189.6,0.57998
1189.8,0.57754
1190,0.57516
1190.2,0.5763
1190.4,0.57746
1190.6,0.57861
1190.8,0.57976
1191,0.5809
1191.2,0.58149
1191.4,0.58208
1191.6,0.58267
1191.8,0.58326
1192,0.58387
1192.2,0.58569
1192.4,0.58752
1192.6,0.58936
1192.8,0.5912
1193,0.59318
1193.2,0.59786
1193.4,0.60259
1193.6,0.60735
1193.8,0.61214
1194,0.61695
1194.2,0.62069
1194.4,0.62446
1194.6,0.62825
1194.8,0.63206
1195,0.6359
1195.2,0.64075
1195.4,0.64563
1195.6,0.65055
1195.8,0.6555
1196,0.66056
1196.2,0.66734
1196.4,0.67419
1196.6,0.68112
1196.8,0.68811
1197,0.69515
1197.2,0.70064
1197.4,0.70617
1197.6,0.71174
1197.8,0.71735
1198,0.72299
1198.2,0.72827
1198.4,0.73358
1198.6,0.73893
1198.8,0.74432
1199,0.74975
1199.2,0.75504
1199.4,0.76036
1199.6,0.76573
1199.8,0.77113
1200,0.77657
